time,sc_0,sc_1,sc_2,sc_3,sc_4,sc_5,sc_6,sc_7,sc_8,sc_9,sc_10,sc_11,sc_12,sc_13,sc_14,sc_15,sc_16,sc_17,sc_18,sc_19,sc_20,sc_21,sc_22,sc_23,sc_24,sc_25,sc_26,sc_27,sc_28,sc_29,sc_30,sc_31,sc_32,sc_33,sc_34,sc_35,sc_36,sc_37,sc_38,sc_39,sc_40,sc_41,sc_42,sc_43,sc_44,sc_45,sc_46,sc_47,sc_48,sc_49,sc_50,sc_51,sc_52,sc_53,sc_54,sc_55,sc_56,sc_57,sc_58,sc_59,sc_60,sc_61,sc_62,sc_63
0.0284,122.0,-96.0,7.0,0.0,0.0,0.0,0.0,0.0,0.0,0.0,0.0,0.0,3.0,9.0,4.0,7.0,6.0,7.0,9.0,6.0,11.0,6.0,12.0,6.0,13.0,7.0,14.0,8.0,15.0,9.0,14.0,11.0,13.0,11.0,12.0,11.0,10.0,11.0,10.0,10.0,8.0,9.0,8.0,6.0,8.0,4.0,8.0,2.0,9.0,0.0,12.0,-1.0,13.0,-2.0,15.0,-1.0,16.0,-1.0,17.0,0.0,18.0,1.0,17.0,2.0
0.0515,122.0,-96.0,7.0,0.0,0.0,0.0,0.0,0.0,0.0,0.0,0.0,0.0,12.0,8.0,12.0,8.0,12.0,8.0,11.0,8.0,11.0,7.0,12.0,8.0,11.0,8.0,12.0,7.0,11.0,7.0,11.0,8.0,11.0,8.0,11.0,8.0,11.0,8.0,11.0,7.0,11.0,7.0,11.0,7.0,12.0,7.0,13.0,7.0,12.0,7.0,12.0,7.0,12.0,7.0,12.0,7.0,13.0,7.0,12.0,7.0,11.0,7.0,12.0,7.0
0.0587,122.0,-96.0,7.0,0.0,0.0,0.0,0.0,0.0,0.0,0.0,0.0,0.0,3.0,-12.0,3.0,-12.0,3.0,-12.0,3.0,-12.0,3.0,-12.0,3.0,-12.0,2.0,-12.0,2.0,-12.0,2.0,-12.0,2.0,-12.0,2.0,-13.0,2.0,-13.0,2.0,-13.0,2.0,-13.0,1.0,-13.0,2.0,-13.0,1.0,-13.0,1.0,-13.0,1.0,-13.0,0.0,-13.0,0.0,-13.0,0.0,-14.0,0.0,-14.0,0.0,-14.0,0.0,-14.0,0.0,-14.0
0.0693,122.0,-96.0,7.0,0.0,0.0,0.0,0.0,0.0,0.0,0.0,0.0,0.0,5.0,11.0,5.0,11.0,5.0,11.0,6.0,12.0,6.0,11.0,6.0,12.0,6.0,12.0,6.0,12.0,6.0,12.0,6.0,12.0,7.0,13.0,7.0,12.0,8.0,12.0,8.0,12.0,8.0,12.0,9.0,12.0,8.0,12.0,9.0,12.0,9.0,12.0,10.0,13.0,9.0,13.0,10.0,13.0,10.0,13.0,10.0,13.0,10.0,13.0,11.0,13.0
0.09,122.0,-96.0,7.0,0.0,0.0,0.0,0.0,0.0,0.0,0.0,0.0,0.0,9.0,-3.0,7.0,-5.0,6.0,-8.0,5.0,-11.0,5.0,-14.0,7.0,-16.0,8.0,-17.0,9.0,-18.0,10.0,-18.0,12.0,-17.0,12.0,-16.0,12.0,-14.0,11.0,-13.0,9.0,-11.0,7.0,-10.0,4.0,-9.0,1.0,-10.0,-2.0,-10.0,-3.0,-11.0,-5.0,-14.0,-7.0,-16.0,-6.0,-17.0,-6.0,-20.0,-4.0,-20.0,-4.0,-21.0,-2.0,-20.0
0.1033,122.0,-96.0,7.0,0.0,0.0,0.0,0.0,0.0,0.0,0.0,0.0,0.0,10.0,1.0,10.0,1.0,10.0,1.0,10.0,1.0,10.0,1.0,11.0,1.0,11.0,1.0,11.0,1.0,11.0,1.0,11.0,0.0,11.0,0.0,11.0,0.0,11.0,0.0,11.0,0.0,12.0,0.0,12.0,0.0,12.0,-1.0,11.0,-1.0,12.0,-1.0,12.0,-1.0,13.0,-1.0,12.0,-1.0,12.0,-1.0,13.0,-2.0,12.0,-1.0,13.0,-2.0
0.1272,122.0,-96.0,7.0,0.0,0.0,0.0,0.0,0.0,0.0,0.0,0.0,0.0,17.0,-15.0,18.0,-15.0,18.0,-13.0,18.0,-12.0,17.0,-10.0,15.0,-9.0,11.0,-8.0,8.0,-8.0,5.0,-9.0,2.0,-10.0,0.0,-12.0,-3.0,-14.0,-4.0,-16.0,-6.0,-19.0,-6.0,-21.0,-5.0,-22.0,-4.0,-23.0,-3.0,-23.0,-2.0,-22.0,-2.0,-20.0,-2.0,-18.0,-2.0,-15.0,-3.0,-12.0,-5.0,-10.0,-8.0,-8.0,-10.0,-6.0
0.1495,122.0,-96.0,7.0,0.0,0.0,0.0,0.0,0.0,0.0,0.0,0.0,0.0,4.0,-9.0,5.0,-12.0,6.0,-13.0,6.0,-14.0,7.0,-15.0,8.0,-14.0,8.0,-14.0,8.0,-12.0,8.0,-11.0,6.0,-10.0,5.0,-8.0,3.0,-8.0,0.0,-7.0,-2.0,-7.0,-4.0,-8.0,-6.0,-9.0,-8.0,-10.0,-9.0,-11.0,-9.0,-12.0,-9.0,-14.0,-9.0,-14.0,-8.0,-14.0,-7.0,-13.0,-5.0,-12.0,-5.0,-11.0,-5.0,-9.0
0.1762,122.0,-96.0,7.0,0.0,0.0,0.0,0.0,0.0,0.0,0.0,0.0,0.0,3.0,10.0,4.0,13.0,5.0,15.0,5.0,16.0,4.0,17.0,3.0,18.0,2.0,17.0,2.0,17.0,1.0,15.0,1.0,13.0,1.0,10.0,2.0,8.0,4.0,6.0,6.0,4.0,8.0,3.0,10.0,2.0,12.0,1.0,15.0,1.0,16.0,2.0,17.0,3.0,18.0,3.0,17.0,5.0,16.0,4.0,14.0,5.0,12.0,4.0,10.0,3.0
0.1989,122.0,-96.0,7.0,0.0,0.0,0.0,0.0,0.0,0.0,0.0,0.0,0.0,-11.0,-13.0,-11.0,-13.0,-10.0,-14.0,-9.0,-14.0,-8.0,-13.0,-7.0,-11.0,-6.0,-9.0,-6.0,-7.0,-7.0,-4.0,-7.0,-2.0,-8.0,0.0,-9.0,2.0,-12.0,3.0,-13.0,4.0,-15.0,5.0,-15.0,4.0,-16.0,3.0,-16.0,3.0,-16.0,2.0,-15.0,2.0,-13.0,1.0,-11.0,1.0,-8.0,2.0,-7.0,3.0,-5.0,5.0,-3.0,6.0
0.2238,122.0,-96.0,7.0,0.0,0.0,0.0,0.0,0.0,0.0,0.0,0.0,0.0,-14.0,-16.0,-12.0,-15.0,-10.0,-12.0,-9.0,-9.0,-8.0,-6.0,-10.0,-2.0,-10.0,1.0,-13.0,3.0,-16.0,5.0,-17.0,6.0,-20.0,5.0,-22.0,4.0,-23.0,4.0,-23.0,2.0,-22.0,0.0,-20.0,-1.0,-18.0,-2.0,-15.0,-1.0,-13.0,0.0,-11.0,1.0,-9.0,4.0,-8.0,7.0,-6.0,10.0,-7.0,13.0,-9.0,15.0,-9.0,17.0
0.2383,122.0,-96.0,7.0,0.0,0.0,0.0,0.0,0.0,0.0,0.0,0.0,0.0,-3.0,9.0,-3.0,9.0,-3.0,9.0,-3.0,9.0,-3.0,9.0,-2.0,10.0,-2.0,10.0,-2.0,10.0,-2.0,10.0,-2.0,10.0,-2.0,10.0,-2.0,10.0,-2.0,10.0,-1.0,10.0,-1.0,10.0,-1.0,10.0,-1.0,10.0,-1.0,11.0,-1.0,11.0,0.0,11.0,0.0,11.0,0.0,11.0,0.0,11.0,1.0,11.0,0.0,11.0,1.0,12.0
0.2596,122.0,-96.0,7.0,0.0,0.0,0.0,0.0,0.0,0.0,0.0,0.0,0.0,-10.0,-5.0,-12.0,-6.0,-13.0,-7.0,-14.0,-8.0,-14.0,-9.0,-14.0,-10.0,-14.0,-10.0,-12.0,-10.0,-11.0,-9.0,-9.0,-8.0,-8.0,-6.0,-8.0,-4.0,-7.0,-2.0,-8.0,1.0,-8.0,3.0,-9.0,5.0,-10.0,6.0,-12.0,8.0,-13.0,8.0,-14.0,8.0,-15.0,8.0,-15.0,6.0,-14.0,6.0,-13.0,5.0,-12.0,4.0,-9.0,4.0
0.2737,122.0,-96.0,7.0,0.0,0.0,0.0,0.0,0.0,0.0,0.0,0.0,0.0,10.0,3.0,10.0,2.0,10.0,3.0,10.0,2.0,10.0,2.0,10.0,2.0,11.0,1.0,11.0,1.0,10.0,1.0,11.0,1.0,11.0,1.0,11.0,1.0,11.0,1.0,11.0,0.0,10.0,0.0,11.0,0.0,11.0,-1.0,12.0,-1.0,11.0,-1.0,11.0,-2.0,11.0,-1.0,11.0,-2.0,12.0,-2.0,12.0,-2.0,12.0,-3.0,12.0,-3.0
0.2898,122.0,-96.0,7.0,0.0,0.0,0.0,0.0,0.0,0.0,0.0,0.0,0.0,-3.0,-11.0,-4.0,-12.0,-3.0,-11.0,-4.0,-12.0,-4.0,-11.0,-4.0,-11.0,-4.0,-11.0,-5.0,-11.0,-5.0,-11.0,-5.0,-11.0,-5.0,-11.0,-5.0,-11.0,-5.0,-11.0,-6.0,-11.0,-6.0,-11.0,-7.0,-11.0,-7.0,-11.0,-8.0,-10.0,-7.0,-10.0,-8.0,-11.0,-8.0,-11.0,-8.0,-10.0,-9.0,-10.0,-9.0,-11.0,-8.0,-10.0,-9.0,-10.0
0.3091,122.0,-96.0,7.0,0.0,0.0,0.0,0.0,0.0,0.0,0.0,0.0,0.0,7.0,5.0,7.0,2.0,8.0,0.0,9.0,-3.0,11.0,-4.0,13.0,-5.0,15.0,-6.0,17.0,-5.0,17.0,-4.0,18.0,-2.0,18.0,-2.0,17.0,0.0,15.0,0.0,13.0,0.0,11.0,-1.0,9.0,-1.0,7.0,-4.0,7.0,-6.0,6.0,-8.0,5.0,-10.0,7.0,-12.0,7.0,-13.0,9.0,-16.0,10.0,-14.0,11.0,-14.0,12.0,-14.0
0.323,122.0,-96.0,7.0,0.0,0.0,0.0,0.0,0.0,0.0,0.0,0.0,0.0,10.0,-5.0,10.0,-5.0,10.0,-5.0,10.0,-5.0,9.0,-5.0,10.0,-5.0,10.0,-6.0,10.0,-6.0,9.0,-6.0,9.0,-6.0,10.0,-6.0,9.0,-6.0,9.0,-6.0,9.0,-6.0,9.0,-7.0,9.0,-7.0,9.0,-7.0,9.0,-7.0,9.0,-7.0,9.0,-7.0,9.0,-7.0,8.0,-7.0,8.0,-8.0,9.0,-8.0,9.0,-8.0,8.0,-8.0
0.3443,122.0,-96.0,7.0,0.0,0.0,0.0,0.0,0.0,0.0,0.0,0.0,0.0,-14.0,-10.0,-13.0,-11.0,-13.0,-12.0,-12.0,-12.0,-11.0,-12.0,-10.0,-10.0,-9.0,-8.0,-8.0,-6.0,-8.0,-4.0,-8.0,-2.0,-8.0,0.0,-9.0,2.0,-11.0,4.0,-12.0,5.0,-14.0,5.0,-14.0,6.0,-15.0,5.0,-15.0,5.0,-15.0,3.0,-15.0,3.0,-13.0,2.0,-12.0,2.0,-9.0,3.0,-8.0,3.0,-6.0,4.0,-4.0,6.0
0.3655,122.0,-96.0,7.0,0.0,0.0,0.0,0.0,0.0,0.0,0.0,0.0,0.0,-11.0,-3.0,-13.0,-3.0,-14.0,-4.0,-16.0,-4.0,-16.0,-5.0,-16.0,-6.0,-16.0,-7.0,-15.0,-7.0,-14.0,-7.0,-12.0,-7.0,-10.0,-5.0,-10.0,-4.0,-9.0,-1.0,-8.0,1.0,-9.0,3.0,-9.0,5.0,-10.0,7.0,-10.0,8.0,-12.0,8.0,-13.0,9.0,-14.0,9.0,-15.0,8.0,-14.0,8.0,-13.0,6.0,-12.0,5.0,-10.0,5.0
0.3878,122.0,-96.0,7.0,0.0,0.0,0.0,0.0,0.0,0.0,0.0,0.0,0.0,10.0,2.0,12.0,2.0,13.0,3.0,14.0,4.0,15.0,5.0,15.0,6.0,15.0,6.0,14.0,7.0,12.0,6.0,12.0,5.0,9.0,4.0,8.0,2.0,8.0,0.0,7.0,-2.0,8.0,-4.0,8.0,-6.0,8.0,-8.0,9.0,-9.0,10.0,-9.0,12.0,-10.0,12.0,-10.0,13.0,-9.0,13.0,-9.0,12.0,-7.0,11.0,-7.0,9.0,-6.0
0.402,122.0,-96.0,7.0,0.0,0.0,0.0,0.0,0.0,0.0,0.0,0.0,0.0,-11.0,3.0,-11.0,3.0,-10.0,3.0,-11.0,3.0,-10.0,3.0,-11.0,3.0,-10.0,3.0,-11.0,4.0,-11.0,4.0,-10.0,4.0,-10.0,4.0,-11.0,4.0,-10.0,4.0,-10.0,4.0,-10.0,5.0,-10.0,4.0,-10.0,4.0,-10.0,4.0,-10.0,5.0,-10.0,4.0,-10.0,4.0,-10.0,5.0,-10.0,5.0,-10.0,5.0,-10.0,5.0,-9.0,5.0
0.4179,122.0,-96.0,7.0,0.0,0.0,0.0,0.0,0.0,0.0,0.0,0.0,0.0,-10.0,-7.0,-10.0,-7.0,-10.0,-7.0,-10.0,-7.0,-10.0,-7.0,-10.0,-7.0,-10.0,-7.0,-10.0,-7.0,-10.0,-7.0,-10.0,-7.0,-10.0,-7.0,-10.0,-7.0,-10.0,-7.0,-10.0,-6.0,-10.0,-6.0,-10.0,-6.0,-10.0,-6.0,-11.0,-6.0,-10.0,-5.0,-11.0,-6.0,-10.0,-6.0,-10.0,-5.0,-11.0,-5.0,-10.0,-5.0,-10.0,-5.0,-11.0,-5.0
0.4401,122.0,-96.0,7.0,0.0,0.0,0.0,0.0,0.0,0.0,0.0,0.0,0.0,-7.0,8.0,-9.0,10.0,-10.0,10.0,-10.0,11.0,-12.0,11.0,-13.0,11.0,-12.0,10.0,-12.0,9.0,-11.0,8.0,-10.0,7.0,-8.0,6.0,-6.0,6.0,-4.0,7.0,-2.0,7.0,0.0,8.0,1.0,9.0,2.0,11.0,3.0,12.0,2.0,14.0,3.0,15.0,2.0,15.0,1.0,15.0,1.0,14.0,0.0,12.0,0.0,11.0,0.0,9.0
0.463,122.0,-96.0,7.0,0.0,0.0,0.0,0.0,0.0,0.0,0.0,0.0,0.0,12.0,-3.0,14.0,-5.0,16.0,-5.0,17.0,-5.0,18.0,-5.0,19.0,-4.0,18.0,-3.0,17.0,-2.0,15.0,-1.0,14.0,-1.0,12.0,-2.0,9.0,-3.0,8.0,-4.0,6.0,-6.0,5.0,-9.0,5.0,-11.0,5.0,-13.0,5.0,-15.0,6.0,-16.0,7.0,-17.0,7.0,-17.0,8.0,-16.0,8.0,-16.0,9.0,-14.0,7.0,-12.0,5.0,-11.0
0.4771,122.0,-96.0,7.0,0.0,0.0,0.0,0.0,0.0,0.0,0.0,0.0,0.0,-13.0,4.0,-13.0,4.0,-12.0,4.0,-12.0,4.0,-13.0,4.0,-13.0,4.0,-13.0,4.0,-12.0,5.0,-12.0,5.0,-12.0,4.0,-12.0,5.0,-12.0,5.0,-12.0,5.0,-12.0,5.0,-12.0,5.0,-12.0,5.0,-12.0,5.0,-12.0,6.0,-12.0,6.0,-12.0,6.0,-12.0,6.0,-11.0,6.0,-11.0,7.0,-12.0,7.0,-11.0,7.0,-11.0,7.0
0.4992,122.0,-96.0,7.0,0.0,0.0,0.0,0.0,0.0,0.0,0.0,0.0,0.0,-4.0,21.0,-5.0,21.0,-6.0,20.0,-6.0,20.0,-6.0,18.0,-6.0,15.0,-4.0,13.0,-2.0,11.0,0.0,10.0,3.0,9.0,5.0,9.0,7.0,9.0,11.0,10.0,12.0,11.0,13.0,13.0,12.0,14.0,13.0,15.0,13.0,15.0,11.0,16.0,10.0,15.0,8.0,13.0,8.0,11.0,7.0,8.0,7.0,6.0,8.0,4.0,9.0,1.0
0.523,122.0,-96.0,7.0,0.0,0.0,0.0,0.0,0.0,0.0,0.0,0.0,0.0,12.0,-4.0,14.0,-5.0,16.0,-5.0,17.0,-5.0,18.0,-5.0,18.0,-4.0,18.0,-2.0,17.0,-2.0,16.0,-1.0,14.0,-1.0,11.0,-2.0,9.0,-3.0,8.0,-4.0,6.0,-7.0,5.0,-9.0,5.0,-11.0,4.0,-13.0,5.0,-16.0,6.0,-16.0,6.0,-16.0,8.0,-17.0,8.0,-16.0,8.0,-16.0,8.0,-14.0,7.0,-12.0,6.0,-11.0
0.5367,122.0,-96.0,7.0,0.0,0.0,0.0,0.0,0.0,0.0,0.0,0.0,0.0,11.0,-7.0,11.0,-7.0,11.0,-7.0,11.0,-7.0,11.0,-7.0,11.0,-7.0,11.0,-8.0,11.0,-8.0,11.0,-8.0,11.0,-8.0,11.0,-7.0,11.0,-7.0,11.0,-7.0,11.0,-8.0,11.0,-8.0,11.0,-9.0,11.0,-8.0,11.0,-9.0,10.0,-9.0,10.0,-9.0,10.0,-9.0,10.0,-9.0,10.0,-9.0,10.0,-9.0,10.0,-9.0,10.0,-9.0
0.551,122.0,-96.0,7.0,0.0,0.0,0.0,0.0,0.0,0.0,0.0,0.0,0.0,-9.0,7.0,-9.0,7.0,-9.0,7.0,-9.0,7.0,-9.0,7.0,-9.0,7.0,-9.0,7.0,-9.0,7.0,-9.0,7.0,-9.0,8.0,-9.0,7.0,-9.0,7.0,-9.0,7.0,-9.0,7.0,-8.0,8.0,-9.0,8.0,-8.0,8.0,-8.0,8.0,-9.0,8.0,-9.0,8.0,-9.0,8.0,-8.0,8.0,-9.0,9.0,-8.0,8.0,-8.0,8.0,-8.0,8.0
0.5741,122.0,-96.0,7.0,0.0,0.0,0.0,0.0,0.0,0.0,0.0,0.0,0.0,10.0,-13.0,9.0,-11.0,7.0,-10.0,5.0,-9.0,3.0,-8.0,1.0,-8.0,-1.0,-9.0,-3.0,-10.0,-4.0,-11.0,-4.0,-13.0,-5.0,-15.0,-4.0,-16.0,-3.0,-17.0,-2.0,-17.0,-1.0,-16.0,0.0,-15.0,0.0,-14.0,0.0,-12.0,-1.0,-11.0,-2.0,-9.0,-3.0,-7.0,-5.0,-6.0,-7.0,-6.0,-10.0,-7.0,-11.0,-7.0,-11.0,-8.0
0.5873,122.0,-96.0,7.0,0.0,0.0,0.0,0.0,0.0,0.0,0.0,0.0,0.0,10.0,2.0,10.0,2.0,10.0,2.0,10.0,1.0,10.0,1.0,10.0,1.0,10.0,1.0,10.0,1.0,10.0,1.0,10.0,1.0,10.0,1.0,10.0,1.0,10.0,1.0,10.0,1.0,10.0,1.0,10.0,1.0,11.0,0.0,10.0,0.0,10.0,0.0,10.0,0.0,10.0,0.0,10.0,0.0,10.0,0.0,11.0,-1.0,10.0,-1.0,11.0,-1.0
0.6081,122.0,-96.0,7.0,0.0,0.0,0.0,0.0,0.0,0.0,0.0,0.0,0.0,10.0,0.0,9.0,-3.0,9.0,-6.0,10.0,-9.0,11.0,-10.0,13.0,-12.0,14.0,-12.0,16.0,-12.0,17.0,-11.0,17.0,-11.0,18.0,-9.0,17.0,-7.0,15.0,-6.0,13.0,-6.0,11.0,-6.0,8.0,-6.0,6.0,-7.0,5.0,-9.0,3.0,-11.0,3.0,-14.0,3.0,-16.0,4.0,-17.0,5.0,-19.0,6.0,-18.0,7.0,-18.0,9.0,-17.0
0.6312,122.0,-96.0,7.0,0.0,0.0,0.0,0.0,0.0,0.0,0.0,0.0,0.0,-22.0,-10.0,-22.0,-11.0,-20.0,-13.0,-18.0,-13.0,-17.0,-12.0,-15.0,-10.0,-13.0,-8.0,-12.0,-5.0,-12.0,-2.0,-11.0,1.0,-12.0,3.0,-14.0,6.0,-15.0,7.0,-18.0,8.0,-20.0,9.0,-20.0,8.0,-21.0,8.0,-21.0,7.0,-21.0,4.0,-19.0,4.0,-17.0,3.0,-14.0,3.0,-11.0,5.0,-9.0,6.0,-7.0,7.0,-5.0,10.0
0.6468,122.0,-96.0,7.0,0.0,0.0,0.0,0.0,0.0,0.0,0.0,0.0,0.0,-10.0,-9.0,-11.0,-8.0,-11.0,-8.0,-10.0,-8.0,-11.0,-8.0,-11.0,-8.0,-11.0,-8.0,-11.0,-8.0,-11.0,-8.0,-11.0,-8.0,-11.0,-8.0,-11.0,-8.0,-11.0,-8.0,-11.0,-7.0,-12.0,-7.0,-12.0,-8.0,-11.0,-7.0,-12.0,-7.0,-12.0,-7.0,-12.0,-6.0,-12.0,-7.0,-12.0,-6.0,-13.0,-6.0,-12.0,-6.0,-12.0,-6.0,-12.0,-6.0
0.6691,122.0,-96.0,7.0,0.0,0.0,0.0,0.0,0.0,0.0,0.0,0.0,0.0,5.0,16.0,4.0,15.0,3.0,16.0,2.0,15.0,1.0,14.0,1.0,12.0,2.0,10.0,3.0,8.0,4.0,6.0,6.0,5.0,7.0,4.0,9.0,4.0,11.0,5.0,13.0,5.0,14.0,5.0,14.0,6.0,14.0,7.0,13.0,8.0,12.0,8.0,11.0,7.0,9.0,6.0,8.0,5.0,7.0,3.0,7.0,2.0,7.0,-1.0,7.0,-3.0
0.6919,122.0,-96.0,7.0,0.0,0.0,0.0,0.0,0.0,0.0,0.0,0.0,0.0,14.0,-13.0,15.0,-12.0,15.0,-11.0,15.0,-10.0,14.0,-9.0,12.0,-8.0,10.0,-7.0,7.0,-7.0,5.0,-8.0,3.0,-9.0,1.0,-10.0,0.0,-12.0,-1.0,-14.0,-1.0,-16.0,-1.0,-17.0,0.0,-19.0,1.0,-18.0,2.0,-19.0,2.0,-17.0,2.0,-16.0,2.0,-14.0,1.0,-12.0,0.0,-11.0,-2.0,-10.0,-4.0,-8.0,-6.0,-8.0
0.7149,122.0,-96.0,7.0,0.0,0.0,0.0,0.0,0.0,0.0,0.0,0.0,0.0,12.0,-11.0,13.0,-11.0,13.0,-10.0,13.0,-9.0,12.0,-8.0,11.0,-7.0,8.0,-7.0,6.0,-6.0,4.0,-7.0,2.0,-8.0,1.0,-9.0,0.0,-11.0,0.0,-13.0,-1.0,-15.0,0.0,-16.0,1.0,-17.0,2.0,-16.0,3.0,-16.0,3.0,-15.0,3.0,-14.0,2.0,-12.0,1.0,-11.0,0.0,-9.0,-2.0,-8.0,-3.0,-7.0,-6.0,-8.0
0.7286,122.0,-96.0,7.0,0.0,0.0,0.0,0.0,0.0,0.0,0.0,0.0,0.0,7.0,-7.0,7.0,-7.0,7.0,-7.0,7.0,-7.0,7.0,-7.0,7.0,-7.0,6.0,-7.0,6.0,-7.0,6.0,-7.0,6.0,-7.0,6.0,-7.0,6.0,-8.0,6.0,-7.0,6.0,-7.0,6.0,-8.0,6.0,-8.0,5.0,-8.0,6.0,-8.0,6.0,-8.0,5.0,-8.0,5.0,-8.0,5.0,-8.0,5.0,-8.0,5.0,-8.0,5.0,-8.0,5.0,-8.0
0.7523,122.0,-96.0,7.0,0.0,0.0,0.0,0.0,0.0,0.0,0.0,0.0,0.0,-14.0,4.0,-13.0,3.0,-10.0,3.0,-9.0,3.0,-7.0,4.0,-6.0,6.0,-5.0,7.0,-5.0,9.0,-5.0,11.0,-6.0,12.0,-7.0,13.0,-8.0,12.0,-9.0,12.0,-10.0,12.0,-10.0,11.0,-10.0,9.0,-9.0,8.0,-8.0,7.0,-6.0,7.0,-4.0,6.0,-2.0,7.0,-1.0,7.0,0.0,9.0,1.0,11.0,1.0,13.0,0.0,13.0
0.7733,122.0,-96.0,7.0,0.0,0.0,0.0,0.0,0.0,0.0,0.0,0.0,0.0,8.0,2.0,8.0,-1.0,9.0,-3.0,11.0,-5.0,12.0,-6.0,15.0,-7.0,16.0,-6.0,17.0,-5.0,18.0,-4.0,18.0,-3.0,17.0,-2.0,16.0,-1.0,14.0,0.0,12.0,0.0,10.0,-2.0,9.0,-3.0,8.0,-5.0,7.0,-7.0,7.0,-9.0,7.0,-11.0,9.0,-12.0,10.0,-12.0,11.0,-14.0,13.0,-12.0,13.0,-11.0,13.0,-11.0
0.7959,122.0,-96.0,7.0,0.0,0.0,0.0,0.0,0.0,0.0,0.0,0.0,0.0,2.0,-10.0,0.0,-10.0,-3.0,-11.0,-6.0,-13.0,-7.0,-15.0,-8.0,-17.0,-7.0,-18.0,-6.0,-20.0,-6.0,-20.0,-4.0,-21.0,-2.0,-19.0,-1.0,-19.0,-1.0,-17.0,-1.0,-15.0,-2.0,-13.0,-3.0,-10.0,-6.0,-9.0,-8.0,-9.0,-10.0,-8.0,-12.0,-8.0,-14.0,-9.0,-15.0,-10.0,-16.0,-12.0,-15.0,-13.0,-15.0,-13.0,-13.0,-14.0
0.8189,122.0,-96.0,7.0,0.0,0.0,0.0,0.0,0.0,0.0,0.0,0.0,0.0,16.0,-12.0,16.0,-11.0,16.0,-9.0,16.0,-8.0,14.0,-7.0,12.0,-7.0,9.0,-6.0,7.0,-6.0,5.0,-8.0,3.0,-9.0,2.0,-11.0,1.0,-13.0,0.0,-15.0,0.0,-17.0,1.0,-18.0,2.0,-19.0,3.0,-18.0,4.0,-18.0,4.0,-16.0,4.0,-15.0,3.0,-13.0,1.0,-11.0,0.0,-9.0,-2.0,-9.0,-4.0,-8.0,-7.0,-9.0
0.8456,122.0,-96.0,7.0,0.0,0.0,0.0,0.0,0.0,0.0,0.0,0.0,0.0,-11.0,-18.0,-9.0,-16.0,-8.0,-13.0,-8.0,-11.0,-9.0,-8.0,-11.0,-4.0,-13.0,-2.0,-16.0,-1.0,-19.0,-1.0,-20.0,-3.0,-22.0,-3.0,-22.0,-6.0,-22.0,-7.0,-22.0,-8.0,-20.0,-9.0,-17.0,-9.0,-15.0,-8.0,-13.0,-5.0,-12.0,-5.0,-11.0,-2.0,-12.0,1.0,-12.0,3.0,-13.0,7.0,-15.0,7.0,-17.0,8.0,-19.0,8.0
0.8581,122.0,-96.0,7.0,0.0,0.0,0.0,0.0,0.0,0.0,0.0,0.0,0.0,2.0,-9.0,2.0,-9.0,1.0,-9.0,1.0,-11.0,2.0,-9.0,0.0,-10.0,0.0,-10.0,1.0,-10.0,0.0,-10.0,0.0,-10.0,0.0,-10.0,1.0,-10.0,0.0,-10.0,0.0,-10.0,0.0,-10.0,0.0,-10.0,-1.0,-11.0,0.0,-11.0,0.0,-10.0,-1.0,-11.0,0.0,-11.0,-1.0,-11.0,-1.0,-11.0,-1.0,-11.0,-1.0,-10.0,-1.0,-11.0
0.8816,122.0,-96.0,7.0,0.0,0.0,0.0,0.0,0.0,0.0,0.0,0.0,0.0,-6.0,-8.0,-7.0,-6.0,-9.0,-4.0,-12.0,-4.0,-14.0,-3.0,-16.0,-4.0,-17.0,-5.0,-18.0,-6.0,-18.0,-7.0,-17.0,-9.0,-15.0,-9.0,-14.0,-9.0,-12.0,-9.0,-11.0,-7.0,-10.0,-6.0,-9.0,-3.0,-9.0,-1.0,-10.0,2.0,-11.0,3.0,-13.0,5.0,-15.0,6.0,-16.0,5.0,-17.0,5.0,-18.0,3.0,-18.0,2.0,-17.0,2.0
0.8948,122.0,-96.0,7.0,0.0,0.0,0.0,0.0,0.0,0.0,0.0,0.0,0.0,-1.0,11.0,0.0,11.0,0.0,11.0,0.0,11.0,0.0,11.0,0.0,11.0,1.0,11.0,1.0,12.0,1.0,11.0,1.0,11.0,2.0,12.0,1.0,12.0,1.0,11.0,2.0,12.0,2.0,11.0,2.0,12.0,2.0,12.0,3.0,11.0,3.0,11.0,3.0,12.0,3.0,12.0,4.0,12.0,4.0,12.0,3.0,12.0,3.0,12.0,4.0,12.0
0.9177,122.0,-96.0,7.0,0.0,0.0,0.0,0.0,0.0,0.0,0.0,0.0,0.0,-8.0,-2.0,-8.0,-1.0,-9.0,2.0,-10.0,4.0,-12.0,5.0,-13.0,5.0,-15.0,5.0,-16.0,5.0,-16.0,3.0,-16.0,2.0,-16.0,1.0,-15.0,0.0,-13.0,0.0,-11.0,0.0,-10.0,1.0,-8.0,2.0,-6.0,4.0,-7.0,6.0,-7.0,8.0,-7.0,9.0,-8.0,10.0,-9.0,11.0,-10.0,12.0,-11.0,10.0,-11.0,10.0,-11.0,9.0
0.9418,122.0,-96.0,7.0,0.0,0.0,0.0,0.0,0.0,0.0,0.0,0.0,0.0,-18.0,-8.0,-18.0,-9.0,-17.0,-10.0,-15.0,-10.0,-14.0,-9.0,-12.0,-8.0,-11.0,-6.0,-9.0,-3.0,-10.0,-1.0,-10.0,1.0,-11.0,3.0,-12.0,4.0,-13.0,6.0,-15.0,6.0,-17.0,7.0,-17.0,6.0,-17.0,6.0,-17.0,5.0,-16.0,3.0,-15.0,2.0,-13.0,2.0,-11.0,3.0,-9.0,4.0,-7.0,5.0,-6.0,6.0,-5.0,9.0
0.9666,122.0,-96.0,7.0,0.0,0.0,0.0,0.0,0.0,0.0,0.0,0.0,0.0,-11.0,-2.0,-12.0,1.0,-13.0,5.0,-15.0,8.0,-17.0,9.0,-20.0,11.0,-22.0,10.0,-24.0,9.0,-24.0,7.0,-25.0,6.0,-24.0,4.0,-22.0,2.0,-20.0,2.0,-17.0,2.0,-15.0,3.0,-12.0,4.0,-10.0,7.0,-10.0,10.0,-9.0,12.0,-9.0,15.0,-11.0,17.0,-13.0,18.0,-14.0,20.0,-15.0,18.0,-16.0,17.0,-17.0,16.0
0.9879,122.0,-96.0,7.0,0.0,0.0,0.0,0.0,0.0,0.0,0.0,0.0,0.0,12.0,0.0,13.0,0.0,15.0,1.0,15.0,1.0,16.0,3.0,15.0,4.0,14.0,4.0,14.0,5.0,12.0,4.0,10.0,3.0,8.0,1.0,8.0,0.0,7.0,-3.0,7.0,-4.0,8.0,-6.0,8.0,-8.0,10.0,-9.0,10.0,-11.0,11.0,-10.0,13.0,-9.0,12.0,-9.0,12.0,-8.0,11.0,-7.0,10.0,-6.0,9.0,-6.0,6.0,-6.0
1.0099,122.0,-96.0,7.0,0.0,0.0,0.0,0.0,0.0,0.0,0.0,0.0,0.0,-13.0,6.0,-11.0,5.0,-9.0,4.0,-7.0,4.0,-6.0,5.0,-4.0,7.0,-3.0,8.0,-3.0,10.0,-3.0,12.0,-4.0,14.0,-5.0,14.0,-6.0,14.0,-7.0,14.0,-8.0,13.0,-8.0,12.0,-8.0,10.0,-7.0,8.0,-6.0,8.0,-4.0,7.0,-2.0,7.0,0.0,8.0,1.0,9.0,2.0,10.0,3.0,11.0,3.0,13.0,2.0,14.0
1.0311,122.0,-96.0,7.0,0.0,0.0,0.0,0.0,0.0,0.0,0.0,0.0,0.0,1.0,8.0,3.0,7.0,6.0,8.0,8.0,9.0,9.0,10.0,10.0,12.0,9.0,13.0,9.0,15.0,8.0,15.0,7.0,16.0,6.0,15.0,4.0,14.0,4.0,13.0,4.0,10.0,4.0,8.0,5.0,6.0,7.0,4.0,9.0,3.0,10.0,4.0,13.0,3.0,14.0,4.0,15.0,6.0,15.0,6.0,15.0,8.0,15.0,9.0,12.0,8.0
1.0442,122.0,-96.0,7.0,0.0,0.0,0.0,0.0,0.0,0.0,0.0,0.0,0.0,-8.0,5.0,-8.0,5.0,-8.0,5.0,-9.0,5.0,-8.0,5.0,-8.0,5.0,-8.0,5.0,-8.0,6.0,-8.0,6.0,-8.0,6.0,-8.0,6.0,-8.0,6.0,-8.0,6.0,-8.0,6.0,-8.0,7.0,-8.0,6.0,-8.0,6.0,-8.0,7.0,-8.0,8.0,-8.0,7.0,-8.0,7.0,-8.0,7.0,-8.0,8.0,-8.0,7.0,-8.0,8.0,-8.0,8.0
1.0589,122.0,-96.0,7.0,0.0,0.0,0.0,0.0,0.0,0.0,0.0,0.0,0.0,-5.0,-9.0,-5.0,-9.0,-5.0,-9.0,-5.0,-9.0,-5.0,-9.0,-5.0,-9.0,-6.0,-9.0,-6.0,-9.0,-6.0,-9.0,-6.0,-9.0,-6.0,-9.0,-6.0,-9.0,-6.0,-9.0,-6.0,-9.0,-7.0,-8.0,-7.0,-9.0,-7.0,-8.0,-8.0,-9.0,-8.0,-8.0,-7.0,-8.0,-8.0,-8.0,-8.0,-8.0,-8.0,-9.0,-7.0,-9.0,-8.0,-9.0,-8.0,-8.0
1.0809,122.0,-96.0,7.0,0.0,0.0,0.0,0.0,0.0,0.0,0.0,0.0,0.0,12.0,-7.0,10.0,-6.0,8.0,-6.0,6.0,-6.0,4.0,-7.0,3.0,-8.0,2.0,-10.0,2.0,-11.0,2.0,-13.0,3.0,-14.0,4.0,-15.0,5.0,-14.0,6.0,-14.0,7.0,-14.0,7.0,-12.0,7.0,-11.0,6.0,-10.0,4.0,-9.0,3.0,-8.0,1.0,-8.0,-1.0,-9.0,-2.0,-9.0,-3.0,-11.0,-4.0,-12.0,-3.0,-14.0,-3.0,-15.0
1.1023,122.0,-96.0,7.0,0.0,0.0,0.0,0.0,0.0,0.0,0.0,0.0,0.0,2.0,-10.0,0.0,-10.0,-3.0,-11.0,-4.0,-14.0,-5.0,-15.0,-5.0,-17.0,-4.0,-19.0,-3.0,-20.0,-2.0,-20.0,-1.0,-20.0,1.0,-18.0,1.0,-17.0,1.0,-16.0,0.0,-13.0,-1.0,-11.0,-3.0,-9.0,-5.0,-9.0,-8.0,-9.0,-10.0,-10.0,-12.0,-11.0,-13.0,-12.0,-13.0,-13.0,-13.0,-14.0,-12.0,-15.0,-11.0,-15.0,-9.0,-15.0
1.1255,122.0,-96.0,7.0,0.0,0.0,0.0,0.0,0.0,0.0,0.0,0.0,0.0,11.0,-2.0,13.0,-2.0,14.0,-2.0,15.0,-2.0,16.0,0.0,16.0,0.0,14.0,1.0,13.0,1.0,12.0,1.0,10.0,1.0,8.0,-1.0,7.0,-3.0,6.0,-4.0,6.0,-6.0,6.0,-9.0,7.0,-10.0,8.0,-11.0,9.0,-12.0,9.0,-12.0,9.0,-11.0,10.0,-11.0,10.0,-10.0,9.0,-9.0,9.0,-8.0,6.0,-7.0,5.0,-7.0
1.1491,122.0,-96.0,7.0,0.0,0.0,0.0,0.0,0.0,0.0,0.0,0.0,0.0,22.0,-7.0,21.0,-5.0,21.0,-3.0,19.0,-3.0,18.0,-2.0,15.0,-2.0,13.0,-3.0,10.0,-5.0,8.0,-7.0,7.0,-10.0,6.0,-12.0,7.0,-14.0,8.0,-16.0,9.0,-18.0,10.0,-19.0,11.0,-19.0,12.0,-18.0,13.0,-17.0,12.0,-15.0,10.0,-13.0,8.0,-12.0,6.0,-11.0,4.0,-11.0,1.0,-12.0,-1.0,-12.0,-3.0,-14.0
1.1732,122.0,-96.0,7.0,0.0,0.0,0.0,0.0,0.0,0.0,0.0,0.0,0.0,-15.0,-13.0,-17.0,-14.0,-18.0,-17.0,-18.0,-19.0,-16.0,-20.0,-16.0,-20.0,-13.0,-19.0,-11.0,-19.0,-10.0,-16.0,-10.0,-14.0,-10.0,-12.0,-10.0,-8.0,-12.0,-6.0,-14.0,-4.0,-16.0,-1.0,-18.0,0.0,-20.0,0.0,-22.0,0.0,-23.0,-2.0,-24.0,-3.0,-23.0,-4.0,-22.0,-5.0,-21.0,-5.0,-18.0,-4.0,-17.0,-3.0,-14.0,-1.0
1.195,122.0,-96.0,7.0,0.0,0.0,0.0,0.0,0.0,0.0,0.0,0.0,0.0,-13.0,-14.0,-12.0,-14.0,-11.0,-15.0,-9.0,-14.0,-9.0,-14.0,-8.0,-11.0,-8.0,-9.0,-7.0,-6.0,-8.0,-4.0,-10.0,-3.0,-11.0,-2.0,-13.0,-1.0,-15.0,-1.0,-17.0,-1.0,-17.0,-1.0,-18.0,-2.0,-17.0,-3.0,-17.0,-4.0,-15.0,-4.0,-15.0,-4.0,-13.0,-3.0,-11.0,-2.0,-10.0,0.0,-9.0,1.0,-9.0,3.0,-9.0,5.0
1.2149,122.0,-96.0,7.0,0.0,0.0,0.0,0.0,0.0,0.0,0.0,0.0,0.0,23.0,-4.0,20.0,-3.0,17.0,-4.0,15.0,-5.0,11.0,-8.0,10.0,-10.0,9.0,-14.0,10.0,-18.0,12.0,-19.0,14.0,-21.0,16.0,-22.0,17.0,-21.0,19.0,-20.0,20.0,-18.0,19.0,-16.0,18.0,-14.0,16.0,-12.0,13.0,-11.0,10.0,-11.0,7.0,-12.0,5.0,-14.0,3.0,-17.0,2.0,-19.0,2.0,-22.0,2.0,-24.0,5.0,-25.0
1.2371,122.0,-96.0,7.0,0.0,0.0,0.0,0.0,0.0,0.0,0.0,0.0,0.0,-11.0,-16.0,-13.0,-18.0,-13.0,-20.0,-13.0,-22.0,-12.0,-23.0,-11.0,-23.0,-9.0,-22.0,-7.0,-21.0,-6.0,-18.0,-6.0,-16.0,-7.0,-13.0,-8.0,-10.0,-10.0,-9.0,-13.0,-6.0,-16.0,-5.0,-18.0,-5.0,-20.0,-5.0,-22.0,-6.0,-22.0,-8.0,-23.0,-8.0,-22.0,-9.0,-21.0,-10.0,-19.0,-9.0,-18.0,-9.0,-16.0,-7.0,-14.0,-5.0
1.2586,122.0,-96.0,7.0,0.0,0.0,0.0,0.0,0.0,0.0,0.0,0.0,0.0,-2.0,-13.0,-2.0,-16.0,-1.0,-17.0,-1.0,-18.0,0.0,-18.0,1.0,-18.0,2.0,-17.0,3.0,-16.0,3.0,-14.0,2.0,-12.0,1.0,-11.0,-1.0,-10.0,-4.0,-9.0,-6.0,-9.0,-8.0,-9.0,-8.0,-10.0,-10.0,-11.0,-11.0,-12.0,-12.0,-13.0,-11.0,-14.0,-11.0,-14.0,-10.0,-15.0,-9.0,-13.0,-8.0,-13.0,-7.0,-11.0,-7.0,-9.0
1.2735,122.0,-96.0,7.0,0.0,0.0,0.0,0.0,0.0,0.0,0.0,0.0,0.0,-7.0,-8.0,-7.0,-8.0,-7.0,-8.0,-7.0,-8.0,-7.0,-7.0,-7.0,-8.0,-7.0,-8.0,-8.0,-8.0,-8.0,-8.0,-8.0,-8.0,-8.0,-7.0,-8.0,-7.0,-7.0,-7.0,-8.0,-7.0,-9.0,-7.0,-8.0,-7.0,-8.0,-7.0,-9.0,-7.0,-9.0,-7.0,-9.0,-7.0,-9.0,-7.0,-9.0,-7.0,-10.0,-7.0,-9.0,-6.0,-9.0,-7.0,-9.0,-6.0
1.2938,122.0,-96.0,7.0,0.0,0.0,0.0,0.0,0.0,0.0,0.0,0.0,0.0,15.0,6.0,14.0,5.0,11.0,4.0,10.0,2.0,9.0,0.0,10.0,-3.0,10.0,-5.0,12.0,-6.0,13.0,-7.0,15.0,-7.0,17.0,-7.0,18.0,-6.0,18.0,-5.0,18.0,-3.0,17.0,-2.0,15.0,-1.0,14.0,-1.0,12.0,-2.0,11.0,-2.0,9.0,-4.0,8.0,-6.0,8.0,-8.0,8.0,-11.0,9.0,-12.0,10.0,-12.0,12.0,-13.0
1.3068,122.0,-96.0,7.0,0.0,0.0,0.0,0.0,0.0,0.0,0.0,0.0,0.0,7.0,-10.0,7.0,-10.0,7.0,-10.0,7.0,-10.0,7.0,-10.0,7.0,-10.0,7.0,-11.0,7.0,-11.0,7.0,-11.0,7.0,-11.0,6.0,-11.0,7.0,-11.0,6.0,-11.0,6.0,-11.0,6.0,-11.0,6.0,-11.0,5.0,-11.0,6.0,-12.0,6.0,-12.0,6.0,-12.0,6.0,-12.0,5.0,-12.0,5.0,-12.0,5.0,-12.0,6.0,-12.0,5.0,-13.0
1.3197,122.0,-96.0,7.0,0.0,0.0,0.0,0.0,0.0,0.0,0.0,0.0,0.0,7.0,-7.0,7.0,-7.0,7.0,-7.0,7.0,-7.0,7.0,-7.0,7.0,-8.0,7.0,-8.0,7.0,-8.0,6.0,-8.0,6.0,-8.0,6.0,-8.0,6.0,-8.0,6.0,-8.0,6.0,-8.0,6.0,-8.0,6.0,-8.0,6.0,-8.0,5.0,-9.0,5.0,-9.0,6.0,-9.0,6.0,-9.0,5.0,-9.0,5.0,-10.0,5.0,-9.0,5.0,-10.0,5.0,-9.0
1.3434,122.0,-96.0,7.0,0.0,0.0,0.0,0.0,0.0,0.0,0.0,0.0,0.0,7.0,14.0,8.0,16.0,8.0,18.0,8.0,20.0,6.0,21.0,5.0,21.0,4.0,19.0,3.0,19.0,3.0,17.0,3.0,15.0,3.0,12.0,4.0,10.0,7.0,8.0,9.0,7.0,12.0,6.0,13.0,6.0,15.0,6.0,17.0,8.0,18.0,9.0,18.0,9.0,17.0,10.0,16.0,11.0,15.0,10.0,13.0,10.0,12.0,8.0,11.0,6.0
1.3657,122.0,-96.0,7.0,0.0,0.0,0.0,0.0,0.0,0.0,0.0,0.0,0.0,17.0,5.0,21.0,5.0,22.0,6.0,23.0,8.0,22.0,9.0,22.0,11.0,20.0,11.0,18.0,10.0,16.0,9.0,14.0,8.0,13.0,5.0,12.0,2.0,12.0,-1.0,13.0,-3.0,15.0,-6.0,16.0,-9.0,18.0,-9.0,19.0,-9.0,21.0,-9.0,22.0,-8.0,22.0,-7.0,22.0,-6.0,19.0,-6.0,18.0,-4.0,16.0,-5.0,12.0,-6.0
1.3782,122.0,-96.0,7.0,0.0,0.0,0.0,0.0,0.0,0.0,0.0,0.0,0.0,11.0,2.0,12.0,2.0,11.0,2.0,11.0,2.0,11.0,2.0,12.0,2.0,11.0,1.0,12.0,1.0,11.0,2.0,12.0,1.0,12.0,1.0,12.0,1.0,12.0,1.0,12.0,0.0,12.0,0.0,12.0,0.0,13.0,0.0,12.0,0.0,13.0,0.0,12.0,-1.0,12.0,-1.0,12.0,0.0,12.0,-1.0,13.0,-1.0,12.0,-1.0,13.0,-1.0
1.3929,122.0,-96.0,7.0,0.0,0.0,0.0,0.0,0.0,0.0,0.0,0.0,0.0,7.0,-7.0,7.0,-7.0,6.0,-7.0,7.0,-7.0,6.0,-7.0,7.0,-7.0,6.0,-8.0,6.0,-8.0,6.0,-8.0,6.0,-8.0,6.0,-8.0,6.0,-8.0,6.0,-8.0,6.0,-8.0,6.0,-9.0,6.0,-8.0,5.0,-9.0,6.0,-9.0,6.0,-9.0,5.0,-9.0,5.0,-9.0,5.0,-9.0,5.0,-10.0,5.0,-9.0,5.0,-9.0,5.0,-10.0
1.4136,122.0,-96.0,7.0,0.0,0.0,0.0,0.0,0.0,0.0,0.0,0.0,0.0,13.0,8.0,11.0,7.0,10.0,5.0,9.0,3.0,8.0,1.0,9.0,-1.0,10.0,-2.0,11.0,-4.0,13.0,-4.0,15.0,-4.0,16.0,-4.0,17.0,-2.0,17.0,-1.0,17.0,0.0,16.0,1.0,14.0,1.0,13.0,1.0,12.0,0.0,10.0,0.0,9.0,-2.0,8.0,-3.0,8.0,-5.0,10.0,-7.0,10.0,-8.0,11.0,-9.0,13.0,-9.0
1.4349,122.0,-96.0,7.0,0.0,0.0,0.0,0.0,0.0,0.0,0.0,0.0,0.0,-2.0,-15.0,-2.0,-18.0,-1.0,-19.0,-1.0,-20.0,0.0,-20.0,2.0,-20.0,2.0,-19.0,3.0,-18.0,3.0,-16.0,2.0,-14.0,0.0,-12.0,-1.0,-11.0,-4.0,-10.0,-7.0,-10.0,-8.0,-11.0,-9.0,-11.0,-11.0,-13.0,-13.0,-13.0,-13.0,-15.0,-12.0,-16.0,-12.0,-16.0,-11.0,-16.0,-10.0,-15.0,-9.0,-15.0,-8.0,-12.0,-8.0,-10.0
1.4553,122.0,-96.0,7.0,0.0,0.0,0.0,0.0,0.0,0.0,0.0,0.0,0.0,-21.0,-6.0,-24.0,-6.0,-26.0,-8.0,-27.0,-10.0,-27.0,-12.0,-26.0,-12.0,-25.0,-14.0,-22.0,-13.0,-20.0,-12.0,-18.0,-10.0,-16.0,-7.0,-16.0,-4.0,-15.0,-1.0,-16.0,2.0,-18.0,5.0,-20.0,8.0,-21.0,9.0,-24.0,10.0,-25.0,9.0,-27.0,8.0,-26.0,7.0,-26.0,6.0,-24.0,4.0,-23.0,4.0,-20.0,4.0,-17.0,4.0
1.4783,122.0,-96.0,7.0,0.0,0.0,0.0,0.0,0.0,0.0,0.0,0.0,0.0,13.0,-13.0,14.0,-12.0,14.0,-10.0,14.0,-10.0,13.0,-8.0,11.0,-8.0,9.0,-7.0,7.0,-7.0,5.0,-8.0,3.0,-10.0,2.0,-11.0,1.0,-13.0,1.0,-14.0,1.0,-16.0,2.0,-17.0,3.0,-18.0,4.0,-17.0,5.0,-17.0,5.0,-16.0,4.0,-14.0,4.0,-12.0,3.0,-11.0,1.0,-10.0,-1.0,-10.0,-2.0,-10.0,-5.0,-10.0
1.5003,122.0,-96.0,7.0,0.0,0.0,0.0,0.0,0.0,0.0,0.0,0.0,0.0,12.0,-10.0,11.0,-8.0,9.0,-8.0,7.0,-8.0,5.0,-8.0,3.0,-9.0,2.0,-11.0,1.0,-12.0,1.0,-14.0,2.0,-16.0,3.0,-17.0,4.0,-17.0,5.0,-17.0,6.0,-17.0,6.0,-15.0,7.0,-14.0,6.0,-12.0,4.0,-11.0,3.0,-10.0,2.0,-10.0,0.0,-10.0,-2.0,-10.0,-3.0,-11.0,-5.0,-13.0,-5.0,-15.0,-4.0,-15.0
1.5146,122.0,-96.0,7.0,0.0,0.0,0.0,0.0,0.0,0.0,0.0,0.0,0.0,-8.0,6.0,-8.0,6.0,-8.0,6.0,-8.0,6.0,-7.0,6.0,-8.0,7.0,-8.0,7.0,-8.0,7.0,-8.0,7.0,-8.0,7.0,-7.0,7.0,-8.0,7.0,-7.0,7.0,-7.0,7.0,-7.0,8.0,-7.0,7.0,-7.0,7.0,-7.0,8.0,-7.0,8.0,-7.0,8.0,-7.0,8.0,-7.0,8.0,-7.0,9.0,-7.0,8.0,-7.0,8.0,-6.0,8.0
1.5379,122.0,-96.0,7.0,0.0,0.0,0.0,0.0,0.0,0.0,0.0,0.0,0.0,17.0,-8.0,17.0,-7.0,16.0,-5.0,17.0,-4.0,14.0,-4.0,13.0,-4.0,11.0,-4.0,9.0,-5.0,7.0,-6.0,6.0,-8.0,5.0,-9.0,5.0,-11.0,6.0,-13.0,6.0,-14.0,7.0,-16.0,7.0,-16.0,9.0,-15.0,9.0,-15.0,9.0,-13.0,8.0,-12.0,7.0,-11.0,5.0,-10.0,4.0,-10.0,2.0,-10.0,0.0,-10.0,-2.0,-11.0
1.5531,122.0,-96.0,7.0,0.0,0.0,0.0,0.0,0.0,0.0,0.0,0.0,0.0,-10.0,-3.0,-10.0,-3.0,-9.0,-3.0,-10.0,-3.0,-10.0,-3.0,-11.0,-3.0,-10.0,-3.0,-10.0,-3.0,-10.0,-2.0,-10.0,-3.0,-11.0,-3.0,-10.0,-3.0,-10.0,-2.0,-11.0,-2.0,-10.0,-2.0,-10.0,-2.0,-11.0,-2.0,-10.0,-2.0,-10.0,-1.0,-11.0,-1.0,-10.0,-1.0,-11.0,0.0,-10.0,-1.0,-11.0,-1.0,-11.0,-1.0,-11.0,-1.0
1.5748,122.0,-96.0,7.0,0.0,0.0,0.0,0.0,0.0,0.0,0.0,0.0,0.0,0.0,-9.0,-2.0,-10.0,-4.0,-10.0,-6.0,-11.0,-8.0,-13.0,-8.0,-14.0,-7.0,-16.0,-7.0,-17.0,-6.0,-17.0,-5.0,-18.0,-4.0,-16.0,-2.0,-16.0,-2.0,-15.0,-2.0,-13.0,-3.0,-11.0,-4.0,-9.0,-6.0,-9.0,-7.0,-8.0,-9.0,-8.0,-11.0,-9.0,-12.0,-9.0,-12.0,-11.0,-13.0,-11.0,-12.0,-13.0,-12.0,-13.0,-10.0,-14.0
1.5877,122.0,-96.0,7.0,0.0,0.0,0.0,0.0,0.0,0.0,0.0,0.0,0.0,12.0,-2.0,12.0,-2.0,12.0,-2.0,12.0,-2.0,12.0,-2.0,12.0,-2.0,12.0,-3.0,12.0,-3.0,12.0,-3.0,11.0,-3.0,12.0,-3.0,12.0,-3.0,12.0,-3.0,12.0,-3.0,12.0,-4.0,12.0,-4.0,12.0,-4.0,11.0,-5.0,11.0,-4.0,12.0,-4.0,11.0,-5.0,12.0,-5.0,12.0,-5.0,12.0,-5.0,12.0,-5.0,12.0,-5.0
1.6105,122.0,-96.0,7.0,0.0,0.0,0.0,0.0,0.0,0.0,0.0,0.0,0.0,17.0,3.0,17.0,4.0,17.0,5.0,15.0,5.0,14.0,5.0,12.0,4.0,11.0,3.0,9.0,1.0,9.0,-1.0,9.0,-3.0,9.0,-5.0,10.0,-7.0,11.0,-8.0,13.0,-9.0,14.0,-9.0,15.0,-8.0,15.0,-8.0,15.0,-8.0,15.0,-6.0,14.0,-5.0,12.0,-5.0,10.0,-5.0,8.0,-6.0,7.0,-7.0,5.0,-8.0,4.0,-10.0
1.6248,122.0,-96.0,7.0,0.0,0.0,0.0,0.0,0.0,0.0,0.0,0.0,0.0,-10.0,3.0,-9.0,4.0,-9.0,4.0,-10.0,4.0,-9.0,4.0,-10.0,4.0,-9.0,4.0,-9.0,5.0,-9.0,5.0,-9.0,4.0,-9.0,4.0,-9.0,5.0,-9.0,4.0,-9.0,5.0,-9.0,5.0,-9.0,5.0,-9.0,5.0,-9.0,6.0,-9.0,6.0,-9.0,6.0,-9.0,6.0,-8.0,6.0,-8.0,7.0,-9.0,6.0,-9.0,6.0,-8.0,6.0
1.6475,122.0,-96.0,7.0,0.0,0.0,0.0,0.0,0.0,0.0,0.0,0.0,0.0,-9.0,11.0,-6.0,14.0,-5.0,15.0,-3.0,19.0,-2.0,22.0,-4.0,24.0,-6.0,26.0,-8.0,27.0,-10.0,26.0,-11.0,25.0,-12.0,23.0,-13.0,21.0,-10.0,19.0,-9.0,17.0,-7.0,15.0,-4.0,14.0,-1.0,15.0,3.0,15.0,5.0,18.0,6.0,20.0,7.0,22.0,6.0,24.0,6.0,26.0,4.0,27.0,2.0,26.0,0.0,26.0
1.6682,122.0,-96.0,7.0,0.0,0.0,0.0,0.0,0.0,0.0,0.0,0.0,0.0,-13.0,-9.0,-13.0,-10.0,-12.0,-11.0,-11.0,-10.0,-10.0,-10.0,-9.0,-9.0,-8.0,-7.0,-7.0,-4.0,-8.0,-3.0,-9.0,-2.0,-10.0,0.0,-11.0,1.0,-12.0,1.0,-14.0,1.0,-15.0,1.0,-15.0,1.0,-15.0,0.0,-14.0,0.0,-14.0,-2.0,-13.0,-2.0,-11.0,-1.0,-10.0,0.0,-9.0,1.0,-8.0,2.0,-8.0,3.0,-7.0,5.0
1.6935,122.0,-96.0,7.0,0.0,0.0,0.0,0.0,0.0,0.0,0.0,0.0,0.0,-20.0,-9.0,-17.0,-8.0,-16.0,-7.0,-14.0,-4.0,-13.0,-1.0,-14.0,2.0,-15.0,4.0,-17.0,6.0,-18.0,7.0,-21.0,7.0,-23.0,6.0,-24.0,4.0,-24.0,3.0,-24.0,2.0,-23.0,0.0,-21.0,-1.0,-19.0,-1.0,-17.0,1.0,-15.0,1.0,-13.0,3.0,-12.0,5.0,-12.0,8.0,-12.0,11.0,-14.0,12.0,-15.0,13.0,-17.0,14.0
1.7163,122.0,-96.0,7.0,0.0,0.0,0.0,0.0,0.0,0.0,0.0,0.0,0.0,-21.0,8.0,-18.0,7.0,-15.0,7.0,-13.0,7.0,-10.0,8.0,-7.0,10.0,-7.0,13.0,-6.0,15.0,-7.0,18.0,-8.0,19.0,-10.0,21.0,-12.0,21.0,-13.0,20.0,-14.0,19.0,-15.0,17.0,-14.0,15.0,-13.0,13.0,-11.0,12.0,-8.0,12.0,-6.0,11.0,-3.0,13.0,-1.0,14.0,0.0,16.0,1.0,18.0,1.0,20.0,-1.0,22.0
1.7366,122.0,-96.0,7.0,0.0,0.0,0.0,0.0,0.0,0.0,0.0,0.0,0.0,-12.0,-1.0,-14.0,-1.0,-15.0,-2.0,-16.0,-3.0,-16.0,-4.0,-16.0,-5.0,-15.0,-5.0,-14.0,-5.0,-13.0,-5.0,-11.0,-4.0,-9.0,-3.0,-9.0,-1.0,-9.0,1.0,-9.0,2.0,-10.0,4.0,-10.0,5.0,-12.0,6.0,-12.0,7.0,-13.0,7.0,-14.0,6.0,-14.0,6.0,-15.0,5.0,-14.0,5.0,-12.0,4.0,-11.0,3.0,-9.0,4.0
1.753,122.0,-96.0,7.0,0.0,0.0,0.0,0.0,0.0,0.0,0.0,0.0,0.0,-8.0,-4.0,-9.0,-4.0,-8.0,-4.0,-8.0,-4.0,-8.0,-4.0,-9.0,-4.0,-9.0,-4.0,-9.0,-4.0,-9.0,-4.0,-9.0,-4.0,-9.0,-3.0,-9.0,-3.0,-9.0,-3.0,-9.0,-3.0,-9.0,-3.0,-9.0,-3.0,-10.0,-3.0,-9.0,-3.0,-9.0,-3.0,-10.0,-2.0,-9.0,-3.0,-9.0,-2.0,-9.0,-2.0,-10.0,-2.0,-10.0,-2.0,-10.0,-2.0
1.7729,122.0,-96.0,7.0,0.0,0.0,0.0,0.0,0.0,0.0,0.0,0.0,0.0,-6.0,10.0,-8.0,11.0,-8.0,12.0,-9.0,13.0,-10.0,12.0,-11.0,11.0,-11.0,10.0,-11.0,9.0,-10.0,8.0,-8.0,7.0,-7.0,7.0,-5.0,7.0,-3.0,7.0,-1.0,8.0,0.0,10.0,0.0,11.0,1.0,12.0,1.0,13.0,1.0,14.0,0.0,15.0,0.0,15.0,-1.0,14.0,-1.0,13.0,-1.0,12.0,-1.0,10.0,0.0,9.0
1.7881,122.0,-96.0,7.0,0.0,0.0,0.0,0.0,0.0,0.0,0.0,0.0,0.0,-8.0,8.0,-8.0,9.0,-8.0,9.0,-8.0,9.0,-8.0,9.0,-8.0,10.0,-8.0,9.0,-7.0,10.0,-7.0,10.0,-8.0,10.0,-7.0,9.0,-8.0,10.0,-7.0,9.0,-7.0,10.0,-7.0,10.0,-7.0,10.0,-6.0,10.0,-6.0,11.0,-6.0,11.0,-6.0,11.0,-6.0,11.0,-6.0,11.0,-6.0,11.0,-5.0,11.0,-6.0,11.0,-5.0,11.0
1.8024,122.0,-96.0,7.0,0.0,0.0,0.0,0.0,0.0,0.0,0.0,0.0,0.0,-9.0,-1.0,-9.0,-1.0,-9.0,-1.0,-9.0,-1.0,-9.0,-1.0,-10.0,-1.0,-9.0,0.0,-9.0,0.0,-9.0,0.0,-9.0,0.0,-9.0,0.0,-9.0,0.0,-9.0,0.0,-9.0,0.0,-9.0,0.0,-9.0,0.0,-10.0,1.0,-9.0,1.0,-9.0,1.0,-9.0,1.0,-10.0,1.0,-10.0,1.0,-9.0,1.0,-10.0,1.0,-10.0,2.0,-10.0,1.0
1.8233,122.0,-96.0,7.0,0.0,0.0,0.0,0.0,0.0,0.0,0.0,0.0,0.0,-12.0,-3.0,-14.0,-3.0,-15.0,-5.0,-15.0,-5.0,-16.0,-6.0,-15.0,-7.0,-14.0,-7.0,-13.0,-7.0,-12.0,-6.0,-10.0,-6.0,-9.0,-4.0,-9.0,-1.0,-9.0,0.0,-9.0,2.0,-10.0,3.0,-11.0,5.0,-12.0,6.0,-13.0,7.0,-13.0,6.0,-15.0,5.0,-15.0,5.0,-15.0,4.0,-13.0,4.0,-12.0,3.0,-10.0,3.0,-9.0,4.0
1.8445,122.0,-96.0,7.0,0.0,0.0,0.0,0.0,0.0,0.0,0.0,0.0,0.0,7.0,6.0,9.0,4.0,11.0,3.0,12.0,3.0,14.0,2.0,17.0,4.0,17.0,5.0,18.0,6.0,17.0,7.0,16.0,8.0,15.0,9.0,14.0,8.0,12.0,8.0,11.0,6.0,10.0,5.0,10.0,3.0,10.0,0.0,11.0,-2.0,13.0,-3.0,14.0,-4.0,16.0,-4.0,17.0,-3.0,18.0,-3.0,18.0,-2.0,18.0,-1.0,18.0,0.0
1.8649,122.0,-96.0,7.0,0.0,0.0,0.0,0.0,0.0,0.0,0.0,0.0,0.0,19.0,3.0,16.0,3.0,13.0,2.0,12.0,-1.0,11.0,-3.0,10.0,-5.0,11.0,-7.0,12.0,-10.0,14.0,-11.0,16.0,-11.0,18.0,-11.0,19.0,-10.0,20.0,-9.0,19.0,-7.0,19.0,-6.0,17.0,-5.0,15.0,-4.0,13.0,-4.0,11.0,-5.0,9.0,-6.0,8.0,-8.0,7.0,-10.0,8.0,-13.0,8.0,-15.0,10.0,-16.0,12.0,-16.0
1.8868,122.0,-96.0,7.0,0.0,0.0,0.0,0.0,0.0,0.0,0.0,0.0,0.0,8.0,6.0,9.0,3.0,10.0,2.0,13.0,1.0,15.0,1.0,17.0,1.0,18.0,3.0,19.0,4.0,18.0,6.0,18.0,7.0,16.0,7.0,14.0,7.0,12.0,7.0,11.0,6.0,10.0,4.0,10.0,2.0,10.0,-1.0,11.0,-4.0,12.0,-4.0,14.0,-5.0,16.0,-6.0,17.0,-5.0,18.0,-5.0,18.0,-3.0,18.0,-2.0,17.0,-2.0
1.9094,122.0,-96.0,7.0,0.0,0.0,0.0,0.0,0.0,0.0,0.0,0.0,0.0,-18.0,-8.0,-21.0,-8.0,-22.0,-10.0,-23.0,-12.0,-22.0,-13.0,-22.0,-14.0,-20.0,-14.0,-18.0,-13.0,-16.0,-12.0,-14.0,-10.0,-13.0,-8.0,-13.0,-4.0,-13.0,-1.0,-15.0,1.0,-16.0,4.0,-18.0,6.0,-20.0,7.0,-21.0,7.0,-23.0,6.0,-24.0,5.0,-23.0,4.0,-23.0,3.0,-21.0,3.0,-20.0,3.0,-18.0,3.0,-13.0,4.0
1.9297,122.0,-96.0,7.0,0.0,0.0,0.0,0.0,0.0,0.0,0.0,0.0,0.0,9.0,0.0,8.0,-2.0,9.0,-4.0,10.0,-6.0,12.0,-7.0,14.0,-8.0,15.0,-7.0,16.0,-7.0,16.0,-6.0,17.0,-4.0,16.0,-4.0,15.0,-2.0,13.0,-2.0,11.0,-2.0,9.0,-3.0,8.0,-4.0,7.0,-6.0,7.0,-8.0,7.0,-9.0,7.0,-11.0,8.0,-13.0,10.0,-13.0,11.0,-14.0,12.0,-12.0,12.0,-12.0,12.0,-11.0
1.9508,122.0,-96.0,7.0,0.0,0.0,0.0,0.0,0.0,0.0,0.0,0.0,0.0,-3.0,16.0,-3.0,16.0,-5.0,15.0,-4.0,14.0,-5.0,13.0,-4.0,10.0,-3.0,9.0,-1.0,8.0,1.0,8.0,3.0,8.0,5.0,8.0,5.0,9.0,7.0,10.0,8.0,11.0,8.0,12.0,7.0,13.0,6.0,13.0,6.0,13.0,5.0,12.0,4.0,11.0,4.0,10.0,4.0,8.0,5.0,7.0,6.0,6.0,7.0,4.0,8.0,3.0
1.9724,122.0,-96.0,7.0,0.0,0.0,0.0,0.0,0.0,0.0,0.0,0.0,0.0,-19.0,-3.0,-19.0,-4.0,-18.0,-6.0,-16.0,-6.0,-15.0,-6.0,-13.0,-5.0,-12.0,-3.0,-10.0,-1.0,-10.0,1.0,-9.0,3.0,-10.0,5.0,-11.0,6.0,-12.0,8.0,-14.0,9.0,-15.0,9.0,-15.0,9.0,-16.0,8.0,-16.0,7.0,-15.0,5.0,-14.0,5.0,-12.0,4.0,-11.0,4.0,-9.0,6.0,-7.0,6.0,-6.0,7.0,-4.0,9.0
1.9852,122.0,-96.0,7.0,0.0,0.0,0.0,0.0,0.0,0.0,0.0,0.0,0.0,4.0,10.0,4.0,10.0,4.0,10.0,5.0,10.0,4.0,10.0,4.0,10.0,5.0,10.0,5.0,10.0,5.0,10.0,5.0,10.0,5.0,10.0,5.0,10.0,6.0,10.0,6.0,10.0,6.0,10.0,6.0,10.0,6.0,10.0,7.0,10.0,7.0,10.0,6.0,10.0,7.0,10.0,7.0,10.0,8.0,10.0,7.0,9.0,7.0,9.0,7.0,9.0
2.0093,122.0,-96.0,7.0,0.0,0.0,0.0,0.0,0.0,0.0,0.0,0.0,0.0,-8.0,-10.0,-10.0,-8.0,-13.0,-7.0,-15.0,-7.0,-18.0,-7.0,-21.0,-8.0,-22.0,-10.0,-22.0,-12.0,-21.0,-13.0,-20.0,-15.0,-18.0,-15.0,-16.0,-15.0,-14.0,-14.0,-13.0,-11.0,-12.0,-10.0,-12.0,-6.0,-13.0,-4.0,-14.0,-1.0,-16.0,0.0,-19.0,1.0,-21.0,1.0,-23.0,0.0,-23.0,0.0,-24.0,-3.0,-24.0,-4.0,-23.0,-4.0
2.0322,122.0,-96.0,7.0,0.0,0.0,0.0,0.0,0.0,0.0,0.0,0.0,0.0,-12.0,-12.0,-10.0,-11.0,-9.0,-9.0,-8.0,-7.0,-8.0,-4.0,-9.0,-2.0,-11.0,-1.0,-13.0,0.0,-14.0,1.0,-16.0,0.0,-17.0,-1.0,-18.0,-2.0,-18.0,-3.0,-17.0,-4.0,-16.0,-5.0,-14.0,-5.0,-13.0,-5.0,-12.0,-4.0,-11.0,-3.0,-10.0,-1.0,-10.0,1.0,-10.0,3.0,-11.0,5.0,-12.0,6.0,-13.0,6.0,-15.0,6.0
2.0467,122.0,-96.0,7.0,0.0,0.0,0.0,0.0,0.0,0.0,0.0,0.0,0.0,-3.0,-9.0,-3.0,-8.0,-3.0,-9.0,-3.0,-8.0,-3.0,-8.0,-4.0,-9.0,-4.0,-8.0,-4.0,-8.0,-4.0,-8.0,-4.0,-8.0,-4.0,-9.0,-4.0,-9.0,-4.0,-8.0,-5.0,-8.0,-5.0,-8.0,-5.0,-8.0,-5.0,-8.0,-6.0,-8.0,-6.0,-8.0,-6.0,-8.0,-6.0,-8.0,-6.0,-8.0,-7.0,-8.0,-6.0,-8.0,-6.0,-8.0,-6.0,-8.0
2.0592,122.0,-96.0,7.0,0.0,0.0,0.0,0.0,0.0,0.0,0.0,0.0,0.0,3.0,11.0,3.0,11.0,3.0,11.0,4.0,11.0,4.0,10.0,4.0,11.0,4.0,11.0,4.0,11.0,4.0,10.0,4.0,10.0,5.0,10.0,5.0,10.0,5.0,11.0,5.0,10.0,5.0,10.0,5.0,10.0,5.0,10.0,6.0,10.0,6.0,10.0,6.0,10.0,6.0,10.0,6.0,10.0,7.0,10.0,6.0,10.0,6.0,10.0,7.0,10.0
2.0823,122.0,-96.0,7.0,0.0,0.0,0.0,0.0,0.0,0.0,0.0,0.0,0.0,5.0,10.0,6.0,12.0,5.0,13.0,5.0,14.0,4.0,15.0,4.0,16.0,2.0,14.0,2.0,13.0,1.0,12.0,2.0,11.0,2.0,9.0,3.0,7.0,5.0,6.0,6.0,5.0,8.0,5.0,10.0,4.0,11.0,4.0,12.0,6.0,13.0,7.0,13.0,7.0,13.0,8.0,12.0,8.0,10.0,8.0,9.0,7.0,8.0,6.0,7.0,4.0
2.1013,122.0,-96.0,7.0,0.0,0.0,0.0,0.0,0.0,0.0,0.0,0.0,0.0,-11.0,5.0,-12.0,6.0,-14.0,6.0,-15.0,5.0,-16.0,5.0,-16.0,4.0,-16.0,3.0,-15.0,2.0,-13.0,2.0,-11.0,2.0,-10.0,2.0,-8.0,3.0,-6.0,5.0,-6.0,6.0,-5.0,8.0,-5.0,9.0,-6.0,11.0,-7.0,12.0,-7.0,13.0,-8.0,13.0,-9.0,13.0,-9.0,12.0,-8.0,11.0,-8.0,9.0,-7.0,8.0,-5.0,8.0
2.1269,122.0,-96.0,7.0,0.0,0.0,0.0,0.0,0.0,0.0,0.0,0.0,0.0,-22.0,1.0,-20.0,1.0,-16.0,1.0,-14.0,3.0,-12.0,5.0,-10.0,8.0,-10.0,10.0,-10.0,14.0,-12.0,15.0,-13.0,17.0,-15.0,18.0,-17.0,17.0,-18.0,17.0,-19.0,15.0,-19.0,13.0,-18.0,10.0,-16.0,9.0,-13.0,8.0,-11.0,8.0,-8.0,9.0,-6.0,11.0,-5.0,13.0,-4.0,16.0,-3.0,18.0,-3.0,20.0,-5.0,21.0
2.1486,122.0,-96.0,7.0,0.0,0.0,0.0,0.0,0.0,0.0,0.0,0.0,0.0,-13.0,-14.0,-13.0,-15.0,-11.0,-15.0,-9.0,-15.0,-8.0,-14.0,-8.0,-12.0,-7.0,-9.0,-8.0,-7.0,-9.0,-5.0,-10.0,-3.0,-11.0,-2.0,-13.0,-1.0,-15.0,0.0,-16.0,-1.0,-18.0,-1.0,-18.0,-2.0,-18.0,-3.0,-17.0,-3.0,-16.0,-4.0,-15.0,-4.0,-13.0,-3.0,-12.0,-2.0,-10.0,0.0,-10.0,1.0,-9.0,3.0,-9.0,6.0
2.1706,122.0,-96.0,7.0,0.0,0.0,0.0,0.0,0.0,0.0,0.0,0.0,0.0,11.0,-11.0,10.0,-10.0,8.0,-8.0,6.0,-9.0,3.0,-8.0,2.0,-9.0,0.0,-11.0,-1.0,-12.0,-1.0,-14.0,-1.0,-16.0,0.0,-17.0,1.0,-18.0,2.0,-18.0,3.0,-17.0,4.0,-16.0,5.0,-14.0,4.0,-13.0,3.0,-12.0,2.0,-10.0,0.0,-10.0,-2.0,-9.0,-4.0,-10.0,-6.0,-11.0,-7.0,-12.0,-8.0,-14.0,-7.0,-15.0
2.1941,122.0,-96.0,7.0,0.0,0.0,0.0,0.0,0.0,0.0,0.0,0.0,0.0,-13.0,6.0,-12.0,5.0,-9.0,4.0,-8.0,5.0,-6.0,5.0,-4.0,7.0,-3.0,8.0,-3.0,10.0,-3.0,11.0,-4.0,13.0,-5.0,14.0,-6.0,14.0,-7.0,13.0,-8.0,13.0,-9.0,12.0,-8.0,10.0,-8.0,9.0,-6.0,8.0,-5.0,7.0,-3.0,7.0,-1.0,7.0,1.0,8.0,2.0,9.0,2.0,11.0,3.0,12.0,2.0,13.0
2.2082,122.0,-96.0,7.0,0.0,0.0,0.0,0.0,0.0,0.0,0.0,0.0,0.0,-3.0,-11.0,-3.0,-11.0,-3.0,-11.0,-3.0,-11.0,-3.0,-11.0,-4.0,-11.0,-4.0,-11.0,-4.0,-11.0,-4.0,-11.0,-4.0,-11.0,-4.0,-11.0,-4.0,-11.0,-4.0,-11.0,-4.0,-11.0,-5.0,-11.0,-5.0,-11.0,-5.0,-11.0,-6.0,-10.0,-6.0,-11.0,-6.0,-11.0,-6.0,-11.0,-6.0,-11.0,-7.0,-11.0,-6.0,-11.0,-6.0,-11.0,-6.0,-11.0
2.231,122.0,-96.0,7.0,0.0,0.0,0.0,0.0,0.0,0.0,0.0,0.0,0.0,-1.0,8.0,-1.0,8.0,-1.0,8.0,0.0,8.0,0.0,8.0,0.0,9.0,0.0,9.0,0.0,8.0,0.0,8.0,0.0,8.0,0.0,8.0,0.0,8.0,1.0,8.0,1.0,9.0,1.0,8.0,1.0,8.0,1.0,9.0,1.0,8.0,1.0,8.0,1.0,8.0,1.0,9.0,1.0,9.0,2.0,8.0,1.0,9.0,1.0,9.0,2.0,9.0
2.2465,122.0,-96.0,7.0,0.0,0.0,0.0,0.0,0.0,0.0,0.0,0.0,0.0,-5.0,-16.0,-4.0,-14.0,-4.0,-11.0,-5.0,-9.0,-6.0,-8.0,-8.0,-5.0,-10.0,-5.0,-12.0,-5.0,-14.0,-5.0,-14.0,-7.0,-16.0,-8.0,-15.0,-10.0,-15.0,-11.0,-14.0,-12.0,-12.0,-12.0,-11.0,-11.0,-9.0,-10.0,-9.0,-8.0,-8.0,-6.0,-9.0,-4.0,-10.0,-3.0,-11.0,-1.0,-13.0,0.0,-14.0,0.0,-16.0,0.0,-17.0,-1.0
2.2679,122.0,-96.0,7.0,0.0,0.0,0.0,0.0,0.0,0.0,0.0,0.0,0.0,-13.0,4.0,-15.0,5.0,-16.0,5.0,-18.0,4.0,-19.0,4.0,-19.0,2.0,-18.0,2.0,-17.0,1.0,-15.0,1.0,-13.0,1.0,-11.0,1.0,-9.0,3.0,-8.0,5.0,-7.0,6.0,-6.0,9.0,-6.0,11.0,-7.0,12.0,-9.0,14.0,-9.0,14.0,-10.0,14.0,-10.0,14.0,-11.0,13.0,-10.0,12.0,-10.0,10.0,-8.0,9.0,-6.0,8.0
2.2824,122.0,-96.0,7.0,0.0,0.0,0.0,0.0,0.0,0.0,0.0,0.0,0.0,-1.0,-12.0,-1.0,-11.0,-1.0,-12.0,-2.0,-12.0,-2.0,-11.0,-2.0,-12.0,-2.0,-12.0,-3.0,-11.0,-3.0,-11.0,-3.0,-11.0,-2.0,-12.0,-3.0,-12.0,-3.0,-12.0,-3.0,-12.0,-3.0,-11.0,-4.0,-12.0,-3.0,-12.0,-4.0,-11.0,-4.0,-11.0,-4.0,-12.0,-4.0,-12.0,-4.0,-11.0,-5.0,-12.0,-5.0,-12.0,-4.0,-12.0,-5.0,-12.0
2.2974,122.0,-96.0,7.0,0.0,0.0,0.0,0.0,0.0,0.0,0.0,0.0,0.0,-5.0,-11.0,-5.0,-11.0,-5.0,-10.0,-6.0,-11.0,-5.0,-10.0,-6.0,-11.0,-6.0,-10.0,-6.0,-10.0,-7.0,-10.0,-7.0,-10.0,-6.0,-10.0,-7.0,-10.0,-6.0,-10.0,-7.0,-10.0,-8.0,-10.0,-7.0,-10.0,-7.0,-10.0,-8.0,-9.0,-8.0,-10.0,-8.0,-10.0,-8.0,-9.0,-8.0,-9.0,-9.0,-10.0,-8.0,-10.0,-8.0,-10.0,-9.0,-9.0
2.3192,122.0,-96.0,7.0,0.0,0.0,0.0,0.0,0.0,0.0,0.0,0.0,0.0,-11.0,12.0,-11.0,12.0,-12.0,11.0,-11.0,10.0,-11.0,8.0,-10.0,7.0,-8.0,7.0,-5.0,6.0,-3.0,7.0,-1.0,8.0,0.0,9.0,1.0,10.0,2.0,12.0,2.0,13.0,2.0,15.0,1.0,15.0,0.0,15.0,0.0,14.0,-1.0,14.0,-1.0,13.0,-1.0,11.0,0.0,9.0,1.0,8.0,3.0,7.0,4.0,6.0,6.0,5.0
2.3317,122.0,-96.0,7.0,0.0,0.0,0.0,0.0,0.0,0.0,0.0,0.0,0.0,6.0,6.0,6.0,5.0,6.0,6.0,6.0,5.0,6.0,5.0,6.0,5.0,7.0,5.0,7.0,5.0,7.0,5.0,7.0,5.0,7.0,5.0,6.0,5.0,7.0,5.0,7.0,4.0,7.0,4.0,7.0,4.0,7.0,4.0,8.0,4.0,8.0,4.0,8.0,4.0,8.0,4.0,8.0,4.0,8.0,4.0,8.0,4.0,8.0,3.0,8.0,3.0
2.3443,122.0,-96.0,7.0,0.0,0.0,0.0,0.0,0.0,0.0,0.0,0.0,0.0,9.0,-7.0,8.0,-7.0,8.0,-7.0,8.0,-8.0,8.0,-7.0,8.0,-8.0,8.0,-8.0,8.0,-8.0,8.0,-8.0,8.0,-8.0,8.0,-8.0,8.0,-9.0,7.0,-9.0,7.0,-9.0,7.0,-9.0,7.0,-10.0,6.0,-9.0,7.0,-10.0,7.0,-10.0,7.0,-10.0,7.0,-10.0,7.0,-10.0,7.0,-11.0,6.0,-10.0,6.0,-10.0,6.0,-10.0
2.3579,122.0,-96.0,7.0,0.0,0.0,0.0,0.0,0.0,0.0,0.0,0.0,0.0,8.0,-5.0,8.0,-6.0,8.0,-6.0,8.0,-6.0,8.0,-6.0,8.0,-6.0,8.0,-6.0,8.0,-6.0,8.0,-6.0,7.0,-7.0,8.0,-7.0,8.0,-7.0,8.0,-6.0,8.0,-7.0,7.0,-8.0,8.0,-7.0,7.0,-7.0,7.0,-8.0,7.0,-8.0,7.0,-8.0,7.0,-8.0,7.0,-8.0,7.0,-9.0,7.0,-8.0,7.0,-8.0,7.0,-8.0
2.3731,122.0,-96.0,7.0,0.0,0.0,0.0,0.0,0.0,0.0,0.0,0.0,0.0,-9.0,6.0,-9.0,7.0,-9.0,6.0,-9.0,7.0,-9.0,7.0,-9.0,7.0,-8.0,7.0,-9.0,8.0,-9.0,8.0,-8.0,8.0,-8.0,8.0,-9.0,8.0,-8.0,8.0,-8.0,8.0,-8.0,8.0,-8.0,8.0,-7.0,8.0,-8.0,9.0,-8.0,9.0,-7.0,9.0,-8.0,9.0,-8.0,9.0,-7.0,9.0,-7.0,9.0,-7.0,9.0,-7.0,10.0
2.3966,122.0,-96.0,7.0,0.0,0.0,0.0,0.0,0.0,0.0,0.0,0.0,0.0,16.0,4.0,18.0,5.0,20.0,7.0,20.0,8.0,20.0,9.0,19.0,10.0,17.0,11.0,16.0,10.0,14.0,9.0,12.0,7.0,11.0,5.0,10.0,2.0,10.0,-2.0,11.0,-4.0,12.0,-7.0,14.0,-9.0,15.0,-10.0,17.0,-11.0,18.0,-10.0,19.0,-10.0,19.0,-9.0,19.0,-7.0,17.0,-6.0,15.0,-5.0,13.0,-6.0,10.0,-6.0
2.4091,122.0,-96.0,7.0,0.0,0.0,0.0,0.0,0.0,0.0,0.0,0.0,0.0,10.0,4.0,10.0,4.0,10.0,3.0,10.0,3.0,10.0,3.0,11.0,3.0,10.0,3.0,11.0,3.0,10.0,3.0,10.0,3.0,11.0,3.0,11.0,3.0,11.0,3.0,11.0,2.0,10.0,2.0,11.0,2.0,11.0,1.0,11.0,1.0,11.0,1.0,11.0,1.0,11.0,1.0,11.0,1.0,11.0,1.0,12.0,1.0,11.0,1.0,12.0,1.0
2.431,122.0,-96.0,7.0,0.0,0.0,0.0,0.0,0.0,0.0,0.0,0.0,0.0,-3.0,15.0,-3.0,13.0,-2.0,11.0,0.0,9.0,2.0,8.0,4.0,7.0,6.0,7.0,8.0,8.0,10.0,9.0,10.0,12.0,10.0,13.0,9.0,14.0,8.0,15.0,7.0,15.0,6.0,15.0,4.0,13.0,4.0,11.0,4.0,9.0,4.0,8.0,6.0,6.0,7.0,4.0,9.0,4.0,11.0,3.0,13.0,4.0,14.0,5.0,14.0,6.0
2.4533,122.0,-96.0,7.0,0.0,0.0,0.0,0.0,0.0,0.0,0.0,0.0,0.0,-17.0,-10.0,-17.0,-10.0,-15.0,-12.0,-13.0,-11.0,-12.0,-10.0,-11.0,-9.0,-10.0,-6.0,-8.0,-4.0,-9.0,-1.0,-10.0,1.0,-10.0,3.0,-12.0,4.0,-14.0,5.0,-16.0,5.0,-17.0,5.0,-17.0,4.0,-18.0,4.0,-17.0,3.0,-16.0,1.0,-15.0,2.0,-12.0,1.0,-11.0,2.0,-9.0,4.0,-8.0,5.0,-6.0,6.0,-5.0,9.0
2.4774,122.0,-96.0,7.0,0.0,0.0,0.0,0.0,0.0,0.0,0.0,0.0,0.0,-13.0,-10.0,-11.0,-9.0,-9.0,-8.0,-9.0,-5.0,-8.0,-3.0,-9.0,0.0,-11.0,2.0,-13.0,3.0,-14.0,4.0,-16.0,3.0,-18.0,3.0,-18.0,1.0,-18.0,0.0,-18.0,-1.0,-16.0,-2.0,-15.0,-3.0,-13.0,-2.0,-11.0,-1.0,-10.0,0.0,-9.0,1.0,-8.0,4.0,-8.0,6.0,-9.0,8.0,-11.0,10.0,-11.0,10.0,-13.0,10.0
2.4909,122.0,-96.0,7.0,0.0,0.0,0.0,0.0,0.0,0.0,0.0,0.0,0.0,-10.0,6.0,-10.0,6.0,-10.0,6.0,-10.0,6.0,-9.0,6.0,-10.0,6.0,-10.0,6.0,-9.0,7.0,-10.0,7.0,-9.0,7.0,-9.0,7.0,-9.0,7.0,-9.0,7.0,-9.0,8.0,-9.0,8.0,-9.0,8.0,-9.0,8.0,-8.0,9.0,-8.0,8.0,-9.0,8.0,-9.0,9.0,-9.0,8.0,-8.0,9.0,-8.0,9.0,-8.0,9.0,-8.0,9.0
2.5143,122.0,-96.0,7.0,0.0,0.0,0.0,0.0,0.0,0.0,0.0,0.0,0.0,8.0,-8.0,5.0,-10.0,4.0,-13.0,3.0,-17.0,3.0,-20.0,4.0,-22.0,6.0,-23.0,8.0,-24.0,9.0,-24.0,12.0,-22.0,12.0,-20.0,12.0,-18.0,10.0,-16.0,8.0,-14.0,5.0,-13.0,2.0,-12.0,-1.0,-12.0,-5.0,-12.0,-6.0,-15.0,-8.0,-18.0,-9.0,-20.0,-9.0,-21.0,-8.0,-23.0,-6.0,-24.0,-5.0,-23.0,-3.0,-23.0
2.5376,122.0,-96.0,7.0,0.0,0.0,0.0,0.0,0.0,0.0,0.0,0.0,0.0,20.0,-11.0,21.0,-9.0,21.0,-8.0,20.0,-6.0,18.0,-5.0,15.0,-4.0,12.0,-5.0,8.0,-6.0,6.0,-8.0,4.0,-10.0,3.0,-13.0,3.0,-16.0,3.0,-18.0,3.0,-20.0,4.0,-21.0,5.0,-22.0,7.0,-22.0,8.0,-20.0,8.0,-18.0,7.0,-16.0,6.0,-13.0,3.0,-12.0,1.0,-11.0,-1.0,-11.0,-5.0,-11.0,-7.0,-11.0
2.552,122.0,-96.0,7.0,0.0,0.0,0.0,0.0,0.0,0.0,0.0,0.0,0.0,9.0,-4.0,8.0,-3.0,8.0,-3.0,8.0,-3.0,8.0,-4.0,9.0,-4.0,8.0,-4.0,8.0,-4.0,8.0,-4.0,8.0,-4.0,8.0,-4.0,8.0,-4.0,8.0,-4.0,8.0,-5.0,8.0,-5.0,8.0,-5.0,8.0,-5.0,8.0,-6.0,8.0,-6.0,8.0,-6.0,7.0,-6.0,8.0,-6.0,8.0,-6.0,8.0,-6.0,7.0,-6.0,8.0,-6.0
2.5666,122.0,-96.0,7.0,0.0,0.0,0.0,0.0,0.0,0.0,0.0,0.0,0.0,-9.0,2.0,-9.0,2.0,-9.0,2.0,-9.0,2.0,-10.0,2.0,-9.0,2.0,-9.0,2.0,-9.0,3.0,-9.0,3.0,-9.0,3.0,-9.0,3.0,-9.0,3.0,-9.0,3.0,-9.0,3.0,-9.0,3.0,-9.0,3.0,-9.0,3.0,-9.0,4.0,-9.0,4.0,-9.0,4.0,-9.0,4.0,-9.0,4.0,-9.0,5.0,-10.0,4.0,-9.0,4.0,-9.0,5.0
2.5894,122.0,-96.0,7.0,0.0,0.0,0.0,0.0,0.0,0.0,0.0,0.0,0.0,-2.0,10.0,2.0,10.0,6.0,11.0,9.0,12.0,12.0,15.0,12.0,17.0,12.0,20.0,11.0,22.0,10.0,22.0,9.0,23.0,6.0,22.0,4.0,20.0,4.0,18.0,3.0,15.0,4.0,13.0,6.0,9.0,9.0,6.0,12.0,5.0,14.0,5.0,17.0,4.0,20.0,6.0,21.0,7.0,22.0,8.0,21.0,10.0,20.0,11.0,18.0,12.0
2.6025,122.0,-96.0,7.0,0.0,0.0,0.0,0.0,0.0,0.0,0.0,0.0,0.0,8.0,2.0,8.0,2.0,8.0,2.0,8.0,2.0,9.0,2.0,9.0,2.0,9.0,1.0,9.0,1.0,9.0,1.0,9.0,1.0,9.0,1.0,9.0,2.0,9.0,1.0,9.0,1.0,9.0,1.0,9.0,1.0,9.0,0.0,9.0,0.0,9.0,0.0,9.0,0.0,9.0,0.0,9.0,0.0,9.0,0.0,10.0,0.0,9.0,0.0,9.0,-1.0
2.6254,122.0,-96.0,7.0,0.0,0.0,0.0,0.0,0.0,0.0,0.0,0.0,0.0,19.0,-14.0,20.0,-13.0,20.0,-11.0,19.0,-10.0,17.0,-7.0,15.0,-7.0,11.0,-6.0,7.0,-7.0,5.0,-9.0,2.0,-11.0,0.0,-13.0,-1.0,-16.0,-1.0,-18.0,-2.0,-20.0,-1.0,-22.0,1.0,-23.0,3.0,-23.0,4.0,-22.0,4.0,-19.0,4.0,-17.0,2.0,-15.0,1.0,-13.0,-1.0,-11.0,-4.0,-10.0,-7.0,-9.0,-10.0,-9.0
2.6486,122.0,-96.0,7.0,0.0,0.0,0.0,0.0,0.0,0.0,0.0,0.0,0.0,9.0,8.0,11.0,10.0,11.0,12.0,12.0,13.0,11.0,15.0,11.0,15.0,9.0,14.0,8.0,14.0,7.0,12.0,6.0,10.0,5.0,7.0,6.0,5.0,7.0,2.0,8.0,0.0,11.0,-2.0,12.0,-4.0,13.0,-4.0,15.0,-4.0,17.0,-3.0,17.0,-3.0,17.0,-2.0,16.0,-2.0,15.0,-1.0,13.0,0.0,11.0,-2.0,8.0,-3.0
2.6628,122.0,-96.0,7.0,0.0,0.0,0.0,0.0,0.0,0.0,0.0,0.0,0.0,-11.0,0.0,-11.0,0.0,-11.0,0.0,-11.0,0.0,-11.0,0.0,-11.0,1.0,-12.0,1.0,-11.0,1.0,-11.0,1.0,-11.0,1.0,-12.0,1.0,-11.0,2.0,-11.0,2.0,-11.0,2.0,-11.0,2.0,-11.0,2.0,-12.0,2.0,-11.0,3.0,-11.0,3.0,-11.0,2.0,-11.0,2.0,-11.0,3.0,-11.0,3.0,-12.0,3.0,-11.0,3.0,-12.0,3.0
2.6857,122.0,-96.0,7.0,0.0,0.0,0.0,0.0,0.0,0.0,0.0,0.0,0.0,10.0,-13.0,9.0,-11.0,7.0,-9.0,5.0,-9.0,2.0,-8.0,-1.0,-8.0,-2.0,-10.0,-5.0,-11.0,-6.0,-13.0,-6.0,-16.0,-5.0,-17.0,-4.0,-18.0,-3.0,-18.0,-1.0,-18.0,0.0,-18.0,1.0,-15.0,1.0,-14.0,0.0,-11.0,-1.0,-10.0,-4.0,-8.0,-6.0,-7.0,-8.0,-7.0,-10.0,-6.0,-12.0,-8.0,-13.0,-9.0,-13.0,-10.0
2.7091,122.0,-96.0,7.0,0.0,0.0,0.0,0.0,0.0,0.0,0.0,0.0,0.0,-8.0,-2.0,-8.0,1.0,-8.0,4.0,-9.0,7.0,-11.0,8.0,-13.0,10.0,-14.0,10.0,-16.0,10.0,-17.0,8.0,-17.0,7.0,-16.0,6.0,-16.0,5.0,-14.0,4.0,-11.0,3.0,-9.0,4.0,-7.0,4.0,-4.0,6.0,-3.0,8.0,-3.0,11.0,-2.0,12.0,-2.0,14.0,-4.0,15.0,-4.0,17.0,-6.0,16.0,-6.0,16.0,-7.0,15.0
2.7241,122.0,-96.0,7.0,0.0,0.0,0.0,0.0,0.0,0.0,0.0,0.0,0.0,-1.0,-13.0,-1.0,-13.0,-2.0,-12.0,-2.0,-13.0,-2.0,-13.0,-2.0,-13.0,-2.0,-13.0,-2.0,-13.0,-2.0,-13.0,-2.0,-12.0,-2.0,-13.0,-2.0,-13.0,-2.0,-13.0,-3.0,-13.0,-3.0,-12.0,-3.0,-13.0,-3.0,-13.0,-4.0,-13.0,-3.0,-13.0,-4.0,-13.0,-3.0,-13.0,-3.0,-13.0,-4.0,-13.0,-4.0,-13.0,-4.0,-13.0,-4.0,-13.0
2.7462,122.0,-96.0,7.0,0.0,0.0,0.0,0.0,0.0,0.0,0.0,0.0,0.0,-2.0,-9.0,-5.0,-7.0,-8.0,-7.0,-11.0,-7.0,-14.0,-8.0,-16.0,-9.0,-16.0,-11.0,-17.0,-12.0,-16.0,-13.0,-16.0,-15.0,-13.0,-15.0,-11.0,-14.0,-10.0,-13.0,-9.0,-11.0,-8.0,-8.0,-8.0,-5.0,-9.0,-2.0,-10.0,0.0,-12.0,2.0,-15.0,3.0,-17.0,4.0,-18.0,3.0,-20.0,2.0,-20.0,0.0,-20.0,0.0,-18.0,-2.0
2.7685,122.0,-96.0,7.0,0.0,0.0,0.0,0.0,0.0,0.0,0.0,0.0,0.0,-7.0,-16.0,-6.0,-16.0,-5.0,-16.0,-4.0,-15.0,-3.0,-14.0,-3.0,-12.0,-3.0,-9.0,-4.0,-7.0,-5.0,-5.0,-7.0,-4.0,-9.0,-2.0,-10.0,-2.0,-13.0,-1.0,-14.0,-2.0,-16.0,-2.0,-15.0,-3.0,-15.0,-5.0,-15.0,-5.0,-14.0,-5.0,-12.0,-5.0,-10.0,-4.0,-10.0,-3.0,-7.0,-1.0,-7.0,1.0,-6.0,3.0,-6.0,5.0
2.7838,122.0,-96.0,7.0,0.0,0.0,0.0,0.0,0.0,0.0,0.0,0.0,0.0,-6.0,11.0,-6.0,11.0,-5.0,11.0,-6.0,11.0,-5.0,11.0,-6.0,11.0,-5.0,11.0,-5.0,11.0,-5.0,11.0,-5.0,11.0,-5.0,11.0,-5.0,12.0,-5.0,11.0,-4.0,11.0,-5.0,12.0,-4.0,11.0,-3.0,12.0,-4.0,12.0,-4.0,12.0,-4.0,12.0,-4.0,12.0,-4.0,12.0,-4.0,12.0,-3.0,12.0,-3.0,12.0,-3.0,12.0
2.8065,122.0,-96.0,7.0,0.0,0.0,0.0,0.0,0.0,0.0,0.0,0.0,0.0,-4.0,-17.0,-3.0,-18.0,-2.0,-17.0,-1.0,-17.0,-1.0,-15.0,-1.0,-12.0,-1.0,-10.0,-3.0,-8.0,-5.0,-6.0,-6.0,-5.0,-8.0,-4.0,-10.0,-3.0,-13.0,-3.0,-14.0,-4.0,-16.0,-5.0,-15.0,-6.0,-16.0,-7.0,-15.0,-7.0,-14.0,-8.0,-12.0,-7.0,-10.0,-6.0,-9.0,-4.0,-8.0,-2.0,-7.0,0.0,-7.0,2.0,-7.0,5.0
2.8291,122.0,-96.0,7.0,0.0,0.0,0.0,0.0,0.0,0.0,0.0,0.0,0.0,9.0,-11.0,8.0,-9.0,7.0,-8.0,4.0,-7.0,2.0,-6.0,0.0,-7.0,-2.0,-8.0,-4.0,-9.0,-5.0,-11.0,-5.0,-13.0,-5.0,-15.0,-4.0,-15.0,-3.0,-16.0,-2.0,-16.0,0.0,-15.0,0.0,-14.0,0.0,-12.0,0.0,-10.0,-1.0,-8.0,-3.0,-6.0,-5.0,-5.0,-7.0,-5.0,-9.0,-5.0,-11.0,-5.0,-12.0,-6.0,-12.0,-8.0
2.8421,122.0,-96.0,7.0,0.0,0.0,0.0,0.0,0.0,0.0,0.0,0.0,0.0,7.0,-7.0,7.0,-7.0,7.0,-7.0,7.0,-7.0,7.0,-7.0,7.0,-7.0,6.0,-8.0,6.0,-8.0,6.0,-8.0,6.0,-8.0,6.0,-8.0,7.0,-8.0,6.0,-8.0,6.0,-8.0,6.0,-8.0,6.0,-9.0,5.0,-8.0,6.0,-9.0,6.0,-9.0,6.0,-8.0,6.0,-9.0,5.0,-9.0,6.0,-9.0,6.0,-9.0,6.0,-9.0,6.0,-9.0
2.866,122.0,-96.0,7.0,0.0,0.0,0.0,0.0,0.0,0.0,0.0,0.0,0.0,-7.0,-19.0,-6.0,-16.0,-5.0,-13.0,-5.0,-11.0,-6.0,-7.0,-8.0,-4.0,-11.0,-2.0,-13.0,-1.0,-16.0,-1.0,-18.0,-2.0,-20.0,-3.0,-20.0,-4.0,-20.0,-6.0,-20.0,-7.0,-18.0,-8.0,-15.0,-8.0,-14.0,-8.0,-11.0,-5.0,-10.0,-4.0,-9.0,-1.0,-9.0,2.0,-9.0,4.0,-10.0,8.0,-12.0,8.0,-14.0,9.0,-15.0,10.0
2.8872,122.0,-96.0,7.0,0.0,0.0,0.0,0.0,0.0,0.0,0.0,0.0,0.0,-17.0,-6.0,-17.0,-7.0,-15.0,-8.0,-14.0,-8.0,-13.0,-8.0,-10.0,-7.0,-9.0,-5.0,-8.0,-2.0,-8.0,0.0,-7.0,2.0,-7.0,4.0,-8.0,6.0,-9.0,8.0,-10.0,9.0,-11.0,10.0,-12.0,10.0,-13.0,10.0,-13.0,9.0,-13.0,6.0,-12.0,6.0,-10.0,5.0,-8.0,5.0,-5.0,5.0,-3.0,5.0,-1.0,6.0,1.0,7.0
2.9091,122.0,-96.0,7.0,0.0,0.0,0.0,0.0,0.0,0.0,0.0,0.0,0.0,-16.0,6.0,-18.0,6.0,-16.0,5.0,-16.0,4.0,-15.0,3.0,-13.0,2.0,-10.0,3.0,-8.0,3.0,-6.0,4.0,-3.0,6.0,-2.0,8.0,-1.0,10.0,-1.0,12.0,-1.0,14.0,-1.0,15.0,-2.0,16.0,-3.0,16.0,-4.0,16.0,-4.0,14.0,-4.0,12.0,-3.0,10.0,-2.0,9.0,-1.0,7.0,1.0,6.0,4.0,5.0,6.0,4.0
2.9302,122.0,-96.0,7.0,0.0,0.0,0.0,0.0,0.0,0.0,0.0,0.0,0.0,-1.0,16.0,-2.0,16.0,-3.0,16.0,-3.0,15.0,-3.0,14.0,-3.0,11.0,-2.0,9.0,0.0,7.0,1.0,6.0,4.0,5.0,6.0,4.0,8.0,4.0,10.0,4.0,12.0,5.0,13.0,7.0,13.0,8.0,13.0,8.0,12.0,8.0,11.0,8.0,10.0,8.0,8.0,6.0,7.0,5.0,6.0,3.0,6.0,0.0,6.0,-2.0,6.0,-4.0
2.9565,122.0,-96.0,7.0,0.0,0.0,0.0,0.0,0.0,0.0,0.0,0.0,0.0,0.0,-13.0,-1.0,-15.0,0.0,-18.0,0.0,-19.0,1.0,-19.0,2.0,-20.0,3.0,-19.0,3.0,-18.0,4.0,-16.0,3.0,-13.0,2.0,-11.0,0.0,-9.0,-3.0,-7.0,-6.0,-6.0,-9.0,-6.0,-10.0,-7.0,-13.0,-7.0,-15.0,-7.0,-16.0,-8.0,-16.0,-11.0,-16.0,-11.0,-15.0,-11.0,-14.0,-11.0,-12.0,-10.0,-10.0,-9.0,-9.0,-7.0
2.9749,122.0,-96.0,7.0,0.0,0.0,0.0,0.0,0.0,0.0,0.0,0.0,0.0,7.0,-14.0,7.0,-11.0,5.0,-10.0,3.0,-8.0,1.0,-7.0,-2.0,-6.0,-4.0,-7.0,-6.0,-7.0,-8.0,-9.0,-9.0,-11.0,-9.0,-13.0,-9.0,-13.0,-8.0,-15.0,-7.0,-15.0,-6.0,-14.0,-5.0,-13.0,-4.0,-12.0,-4.0,-10.0,-4.0,-8.0,-5.0,-6.0,-6.0,-4.0,-7.0,-3.0,-9.0,-1.0,-11.0,-1.0,-13.0,-1.0,-14.0,-2.0
2.9878,122.0,-96.0,7.0,0.0,0.0,0.0,0.0,0.0,0.0,0.0,0.0,0.0,12.0,1.0,12.0,1.0,12.0,0.0,12.0,0.0,12.0,0.0,13.0,0.0,13.0,0.0,13.0,0.0,12.0,0.0,12.0,0.0,13.0,0.0,13.0,0.0,12.0,0.0,13.0,-1.0,12.0,-1.0,13.0,-1.0,13.0,-1.0,13.0,-2.0,13.0,-2.0,13.0,-2.0,13.0,-2.0,13.0,-2.0,13.0,-2.0,13.0,-2.0,13.0,-2.0,13.0,-2.0
3.0117,122.0,-96.0,7.0,0.0,0.0,0.0,0.0,0.0,0.0,0.0,0.0,0.0,-3.0,8.0,0.0,7.0,4.0,8.0,7.0,8.0,10.0,10.0,11.0,13.0,11.0,14.0,12.0,16.0,10.0,17.0,10.0,19.0,8.0,18.0,6.0,17.0,5.0,16.0,4.0,13.0,4.0,11.0,4.0,7.0,6.0,4.0,8.0,3.0,10.0,1.0,13.0,0.0,16.0,0.0,17.0,1.0,19.0,2.0,19.0,3.0,19.0,4.0,17.0,5.0
3.0338,122.0,-96.0,7.0,0.0,0.0,0.0,0.0,0.0,0.0,0.0,0.0,0.0,3.0,-9.0,-1.0,-10.0,-5.0,-10.0,-8.0,-12.0,-11.0,-13.0,-12.0,-16.0,-13.0,-18.0,-12.0,-20.0,-11.0,-20.0,-10.0,-22.0,-8.0,-21.0,-6.0,-20.0,-6.0,-19.0,-4.0,-15.0,-5.0,-12.0,-6.0,-9.0,-8.0,-5.0,-10.0,-4.0,-13.0,-2.0,-16.0,-1.0,-19.0,-1.0,-21.0,-2.0,-22.0,-3.0,-22.0,-5.0,-22.0,-5.0,-20.0,-7.0
3.0485,122.0,-96.0,7.0,0.0,0.0,0.0,0.0,0.0,0.0,0.0,0.0,0.0,-10.0,3.0,-10.0,4.0,-10.0,4.0,-10.0,4.0,-10.0,4.0,-10.0,4.0,-10.0,4.0,-10.0,4.0,-10.0,4.0,-9.0,4.0,-10.0,4.0,-10.0,5.0,-9.0,5.0,-9.0,5.0,-9.0,5.0,-9.0,5.0,-9.0,5.0,-9.0,6.0,-9.0,6.0,-9.0,6.0,-9.0,5.0,-9.0,6.0,-9.0,6.0,-9.0,6.0,-9.0,6.0,-9.0,6.0
3.0632,122.0,-96.0,7.0,0.0,0.0,0.0,0.0,0.0,0.0,0.0,0.0,0.0,1.0,12.0,1.0,12.0,2.0,12.0,2.0,12.0,2.0,12.0,2.0,12.0,2.0,12.0,2.0,12.0,2.0,12.0,2.0,12.0,3.0,12.0,3.0,12.0,3.0,12.0,3.0,12.0,3.0,12.0,3.0,12.0,3.0,12.0,4.0,12.0,4.0,12.0,4.0,12.0,4.0,12.0,4.0,12.0,5.0,12.0,4.0,12.0,4.0,12.0,5.0,12.0
3.0851,122.0,-96.0,7.0,0.0,0.0,0.0,0.0,0.0,0.0,0.0,0.0,0.0,-4.0,-8.0,-5.0,-6.0,-8.0,-4.0,-10.0,-4.0,-13.0,-3.0,-16.0,-4.0,-17.0,-5.0,-18.0,-6.0,-18.0,-8.0,-17.0,-9.0,-16.0,-10.0,-15.0,-10.0,-13.0,-9.0,-10.0,-8.0,-10.0,-6.0,-8.0,-3.0,-8.0,0.0,-8.0,3.0,-9.0,5.0,-11.0,7.0,-13.0,8.0,-14.0,8.0,-15.0,8.0,-17.0,7.0,-18.0,6.0,-17.0,5.0
3.0985,122.0,-96.0,7.0,0.0,0.0,0.0,0.0,0.0,0.0,0.0,0.0,0.0,3.0,-10.0,3.0,-10.0,3.0,-10.0,3.0,-10.0,3.0,-10.0,3.0,-11.0,3.0,-10.0,3.0,-11.0,3.0,-10.0,3.0,-10.0,3.0,-10.0,3.0,-10.0,2.0,-10.0,2.0,-11.0,2.0,-11.0,2.0,-11.0,1.0,-11.0,2.0,-11.0,2.0,-11.0,1.0,-11.0,2.0,-11.0,1.0,-11.0,1.0,-11.0,1.0,-11.0,1.0,-11.0,1.0,-11.0
3.1229,122.0,-96.0,7.0,0.0,0.0,0.0,0.0,0.0,0.0,0.0,0.0,0.0,1.0,-18.0,1.0,-17.0,3.0,-17.0,3.0,-16.0,3.0,-15.0,3.0,-12.0,1.0,-10.0,0.0,-8.0,-3.0,-8.0,-4.0,-7.0,-7.0,-6.0,-9.0,-6.0,-11.0,-7.0,-13.0,-8.0,-13.0,-9.0,-13.0,-10.0,-13.0,-11.0,-13.0,-11.0,-11.0,-11.0,-10.0,-10.0,-9.0,-9.0,-8.0,-7.0,-7.0,-5.0,-7.0,-3.0,-8.0,-1.0,-8.0,2.0
3.1374,122.0,-96.0,7.0,0.0,0.0,0.0,0.0,0.0,0.0,0.0,0.0,0.0,8.0,-10.0,7.0,-10.0,8.0,-11.0,7.0,-10.0,7.0,-11.0,7.0,-11.0,7.0,-11.0,7.0,-11.0,7.0,-11.0,7.0,-11.0,7.0,-11.0,7.0,-11.0,7.0,-11.0,7.0,-11.0,7.0,-11.0,7.0,-12.0,6.0,-12.0,7.0,-12.0,7.0,-12.0,6.0,-12.0,7.0,-12.0,6.0,-12.0,6.0,-12.0,6.0,-12.0,6.0,-12.0,6.0,-12.0
3.1515,122.0,-96.0,7.0,0.0,0.0,0.0,0.0,0.0,0.0,0.0,0.0,0.0,2.0,-11.0,1.0,-10.0,2.0,-10.0,1.0,-10.0,1.0,-10.0,1.0,-11.0,1.0,-11.0,1.0,-11.0,1.0,-11.0,1.0,-11.0,1.0,-11.0,1.0,-11.0,1.0,-11.0,1.0,-11.0,0.0,-10.0,1.0,-11.0,0.0,-11.0,0.0,-11.0,0.0,-11.0,0.0,-11.0,0.0,-11.0,0.0,-11.0,0.0,-11.0,0.0,-11.0,0.0,-11.0,0.0,-11.0
3.1745,122.0,-96.0,7.0,0.0,0.0,0.0,0.0,0.0,0.0,0.0,0.0,0.0,-1.0,9.0,3.0,8.0,7.0,7.0,11.0,7.0,13.0,8.0,16.0,10.0,16.0,12.0,17.0,14.0,16.0,16.0,16.0,17.0,14.0,17.0,11.0,16.0,10.0,15.0,8.0,12.0,8.0,9.0,7.0,6.0,8.0,2.0,9.0,-1.0,12.0,-3.0,15.0,-5.0,17.0,-5.0,19.0,-5.0,21.0,-5.0,22.0,-3.0,22.0,-2.0,20.0,-1.0
3.1963,122.0,-96.0,7.0,0.0,0.0,0.0,0.0,0.0,0.0,0.0,0.0,0.0,8.0,-2.0,6.0,-4.0,4.0,-7.0,4.0,-10.0,4.0,-13.0,6.0,-15.0,7.0,-16.0,8.0,-17.0,10.0,-17.0,11.0,-16.0,11.0,-14.0,11.0,-13.0,10.0,-11.0,8.0,-9.0,6.0,-9.0,4.0,-8.0,1.0,-8.0,-3.0,-8.0,-5.0,-10.0,-7.0,-12.0,-8.0,-13.0,-8.0,-15.0,-8.0,-17.0,-7.0,-17.0,-6.0,-18.0,-4.0,-18.0
3.2184,122.0,-96.0,7.0,0.0,0.0,0.0,0.0,0.0,0.0,0.0,0.0,0.0,-4.0,6.0,-1.0,6.0,2.0,6.0,4.0,7.0,6.0,9.0,7.0,11.0,7.0,13.0,6.0,14.0,6.0,15.0,5.0,16.0,4.0,15.0,3.0,14.0,2.0,13.0,2.0,10.0,2.0,9.0,2.0,6.0,4.0,3.0,6.0,3.0,8.0,2.0,10.0,1.0,12.0,1.0,14.0,3.0,15.0,3.0,15.0,4.0,14.0,5.0,13.0,6.0
3.234,122.0,-96.0,7.0,0.0,0.0,0.0,0.0,0.0,0.0,0.0,0.0,0.0,-10.0,8.0,-10.0,9.0,-9.0,9.0,-10.0,9.0,-9.0,9.0,-9.0,9.0,-9.0,9.0,-9.0,9.0,-9.0,9.0,-9.0,9.0,-9.0,9.0,-9.0,9.0,-9.0,9.0,-9.0,9.0,-9.0,10.0,-9.0,10.0,-8.0,10.0,-8.0,10.0,-9.0,10.0,-9.0,10.0,-9.0,10.0,-8.0,10.0,-8.0,10.0,-8.0,10.0,-8.0,10.0,-8.0,10.0
3.2469,122.0,-96.0,7.0,0.0,0.0,0.0,0.0,0.0,0.0,0.0,0.0,0.0,9.0,3.0,9.0,3.0,9.0,3.0,9.0,3.0,9.0,3.0,9.0,3.0,9.0,3.0,9.0,3.0,9.0,3.0,9.0,2.0,10.0,2.0,9.0,3.0,9.0,2.0,9.0,2.0,9.0,2.0,9.0,2.0,10.0,2.0,9.0,2.0,10.0,2.0,9.0,2.0,9.0,2.0,10.0,2.0,10.0,1.0,10.0,1.0,10.0,1.0,10.0,2.0
3.2681,122.0,-96.0,7.0,0.0,0.0,0.0,0.0,0.0,0.0,0.0,0.0,0.0,-7.0,8.0,-8.0,10.0,-9.0,11.0,-10.0,12.0,-11.0,12.0,-13.0,12.0,-13.0,10.0,-12.0,9.0,-11.0,8.0,-9.0,6.0,-7.0,6.0,-5.0,6.0,-2.0,6.0,1.0,6.0,3.0,7.0,4.0,9.0,6.0,10.0,6.0,12.0,6.0,13.0,6.0,14.0,6.0,14.0,5.0,14.0,4.0,13.0,3.0,11.0,3.0,10.0,3.0,8.0
3.2833,122.0,-96.0,7.0,0.0,0.0,0.0,0.0,0.0,0.0,0.0,0.0,0.0,-10.0,-3.0,-10.0,-2.0,-11.0,-2.0,-10.0,-2.0,-11.0,-2.0,-11.0,-2.0,-11.0,-2.0,-11.0,-2.0,-11.0,-2.0,-11.0,-2.0,-11.0,-2.0,-11.0,-2.0,-11.0,-2.0,-11.0,-2.0,-10.0,-1.0,-11.0,-1.0,-11.0,-1.0,-11.0,-1.0,-11.0,-1.0,-11.0,-1.0,-11.0,-1.0,-11.0,0.0,-11.0,0.0,-11.0,0.0,-11.0,0.0,-11.0,0.0
3.2998,122.0,-96.0,7.0,0.0,0.0,0.0,0.0,0.0,0.0,0.0,0.0,0.0,-7.0,10.0,-7.0,10.0,-7.0,11.0,-6.0,10.0,-6.0,11.0,-7.0,11.0,-7.0,11.0,-6.0,11.0,-6.0,11.0,-6.0,11.0,-6.0,11.0,-7.0,11.0,-6.0,11.0,-6.0,12.0,-6.0,11.0,-5.0,11.0,-5.0,12.0,-5.0,12.0,-5.0,12.0,-5.0,12.0,-5.0,12.0,-5.0,12.0,-5.0,12.0,-4.0,12.0,-5.0,12.0,-5.0,12.0
3.3133,122.0,-96.0,7.0,0.0,0.0,0.0,0.0,0.0,0.0,0.0,0.0,0.0,10.0,-9.0,9.0,-9.0,10.0,-9.0,9.0,-9.0,9.0,-9.0,9.0,-9.0,9.0,-9.0,9.0,-10.0,9.0,-9.0,9.0,-10.0,9.0,-9.0,9.0,-9.0,9.0,-9.0,9.0,-9.0,8.0,-10.0,9.0,-10.0,8.0,-10.0,8.0,-10.0,8.0,-10.0,8.0,-10.0,8.0,-10.0,8.0,-10.0,8.0,-11.0,8.0,-10.0,8.0,-10.0,8.0,-11.0
3.3355,122.0,-96.0,7.0,0.0,0.0,0.0,0.0,0.0,0.0,0.0,0.0,0.0,-4.0,-17.0,-3.0,-17.0,-2.0,-18.0,-2.0,-17.0,-1.0,-15.0,0.0,-13.0,-1.0,-11.0,-2.0,-8.0,-4.0,-6.0,-6.0,-5.0,-8.0,-3.0,-10.0,-3.0,-12.0,-3.0,-14.0,-3.0,-15.0,-4.0,-16.0,-5.0,-16.0,-6.0,-15.0,-6.0,-14.0,-6.0,-13.0,-6.0,-11.0,-5.0,-10.0,-4.0,-8.0,-2.0,-7.0,0.0,-6.0,2.0,-6.0,5.0
3.3489,122.0,-96.0,7.0,0.0,0.0,0.0,0.0,0.0,0.0,0.0,0.0,0.0,9.0,3.0,9.0,3.0,9.0,3.0,9.0,3.0,9.0,3.0,9.0,3.0,9.0,2.0,10.0,3.0,9.0,2.0,9.0,3.0,9.0,3.0,9.0,3.0,9.0,3.0,10.0,2.0,9.0,2.0,10.0,2.0,10.0,1.0,9.0,2.0,10.0,2.0,10.0,1.0,10.0,1.0,10.0,1.0,10.0,2.0,10.0,2.0,10.0,2.0,10.0,1.0
3.3714,122.0,-96.0,7.0,0.0,0.0,0.0,0.0,0.0,0.0,0.0,0.0,0.0,7.0,-14.0,6.0,-12.0,5.0,-10.0,3.0,-9.0,0.0,-8.0,-2.0,-7.0,-4.0,-7.0,-6.0,-8.0,-8.0,-9.0,-9.0,-11.0,-9.0,-13.0,-8.0,-14.0,-8.0,-15.0,-7.0,-16.0,-5.0,-15.0,-4.0,-14.0,-3.0,-12.0,-3.0,-10.0,-3.0,-8.0,-4.0,-6.0,-6.0,-4.0,-7.0,-3.0,-10.0,-2.0,-12.0,-2.0,-13.0,-3.0,-14.0,-3.0
3.3923,122.0,-96.0,7.0,0.0,0.0,0.0,0.0,0.0,0.0,0.0,0.0,0.0,-13.0,12.0,-13.0,11.0,-14.0,10.0,-13.0,9.0,-13.0,7.0,-11.0,6.0,-9.0,6.0,-6.0,5.0,-4.0,5.0,-1.0,6.0,1.0,7.0,2.0,9.0,4.0,10.0,5.0,12.0,5.0,14.0,4.0,15.0,3.0,15.0,2.0,15.0,2.0,14.0,2.0,13.0,1.0,11.0,1.0,9.0,2.0,6.0,3.0,4.0,5.0,3.0,7.0,1.0
3.4072,122.0,-96.0,7.0,0.0,0.0,0.0,0.0,0.0,0.0,0.0,0.0,0.0,-2.0,-13.0,-2.0,-13.0,-2.0,-13.0,-2.0,-13.0,-2.0,-13.0,-2.0,-14.0,-3.0,-13.0,-3.0,-13.0,-2.0,-13.0,-3.0,-13.0,-3.0,-13.0,-3.0,-13.0,-3.0,-13.0,-3.0,-13.0,-4.0,-13.0,-4.0,-13.0,-4.0,-14.0,-4.0,-13.0,-4.0,-13.0,-5.0,-13.0,-4.0,-13.0,-4.0,-13.0,-5.0,-12.0,-4.0,-13.0,-4.0,-13.0,-5.0,-13.0
3.4218,122.0,-96.0,7.0,0.0,0.0,0.0,0.0,0.0,0.0,0.0,0.0,0.0,3.0,-10.0,3.0,-10.0,3.0,-10.0,3.0,-10.0,3.0,-10.0,3.0,-10.0,3.0,-10.0,3.0,-11.0,3.0,-10.0,3.0,-10.0,2.0,-10.0,3.0,-10.0,2.0,-10.0,2.0,-10.0,2.0,-10.0,2.0,-10.0,2.0,-11.0,2.0,-11.0,2.0,-11.0,2.0,-11.0,2.0,-11.0,2.0,-11.0,2.0,-11.0,1.0,-11.0,2.0,-11.0,1.0,-11.0
3.4374,122.0,-96.0,7.0,0.0,0.0,0.0,0.0,0.0,0.0,0.0,0.0,0.0,-13.0,-5.0,-13.0,-5.0,-12.0,-5.0,-13.0,-5.0,-13.0,-4.0,-13.0,-4.0,-13.0,-4.0,-13.0,-4.0,-13.0,-5.0,-13.0,-4.0,-13.0,-4.0,-13.0,-4.0,-13.0,-4.0,-13.0,-3.0,-13.0,-4.0,-13.0,-4.0,-14.0,-3.0,-13.0,-3.0,-14.0,-3.0,-14.0,-3.0,-13.0,-3.0,-14.0,-2.0,-13.0,-2.0,-14.0,-2.0,-14.0,-2.0,-14.0,-2.0
3.4599,122.0,-96.0,7.0,0.0,0.0,0.0,0.0,0.0,0.0,0.0,0.0,0.0,-10.0,-8.0,-13.0,-9.0,-14.0,-12.0,-15.0,-13.0,-15.0,-14.0,-14.0,-15.0,-13.0,-15.0,-12.0,-14.0,-10.0,-13.0,-9.0,-11.0,-7.0,-8.0,-7.0,-6.0,-8.0,-2.0,-9.0,0.0,-10.0,2.0,-11.0,5.0,-13.0,6.0,-15.0,7.0,-17.0,7.0,-18.0,7.0,-18.0,6.0,-17.0,5.0,-16.0,4.0,-14.0,3.0,-12.0,3.0,-10.0,3.0
3.4721,122.0,-96.0,7.0,0.0,0.0,0.0,0.0,0.0,0.0,0.0,0.0,0.0,10.0,2.0,11.0,2.0,11.0,2.0,11.0,2.0,11.0,2.0,11.0,2.0,11.0,1.0,11.0,1.0,11.0,2.0,11.0,1.0,11.0,1.0,11.0,1.0,11.0,1.0,11.0,1.0,11.0,1.0,11.0,1.0,12.0,0.0,11.0,0.0,11.0,0.0,11.0,0.0,11.0,0.0,11.0,0.0,11.0,0.0,12.0,0.0,12.0,0.0,12.0,0.0
3.4942,122.0,-96.0,7.0,0.0,0.0,0.0,0.0,0.0,0.0,0.0,0.0,0.0,-11.0,6.0,-13.0,8.0,-15.0,9.0,-16.0,9.0,-18.0,9.0,-19.0,8.0,-18.0,7.0,-17.0,6.0,-16.0,5.0,-13.0,4.0,-11.0,4.0,-8.0,4.0,-5.0,5.0,-2.0,7.0,-1.0,9.0,1.0,11.0,1.0,14.0,1.0,16.0,2.0,17.0,1.0,17.0,0.0,18.0,-1.0,17.0,-1.0,16.0,-2.0,14.0,-1.0,12.0,0.0,10.0
3.5141,122.0,-96.0,7.0,0.0,0.0,0.0,0.0,0.0,0.0,0.0,0.0,0.0,11.0,8.0,9.0,8.0,8.0,6.0,7.0,4.0,6.0,2.0,6.0,-1.0,7.0,-3.0,8.0,-5.0,9.0,-7.0,11.0,-7.0,13.0,-8.0,14.0,-7.0,15.0,-6.0,15.0,-4.0,14.0,-4.0,13.0,-2.0,12.0,-2.0,9.0,-2.0,8.0,-3.0,6.0,-3.0,4.0,-5.0,3.0,-7.0,1.0,-9.0,2.0,-11.0,3.0,-12.0,3.0,-14.0
3.5282,122.0,-96.0,7.0,0.0,0.0,0.0,0.0,0.0,0.0,0.0,0.0,0.0,-11.0,0.0,-11.0,0.0,-10.0,0.0,-11.0,0.0,-11.0,0.0,-11.0,1.0,-11.0,0.0,-11.0,1.0,-10.0,1.0,-11.0,1.0,-11.0,1.0,-11.0,1.0,-10.0,1.0,-11.0,1.0,-10.0,1.0,-11.0,1.0,-11.0,1.0,-11.0,2.0,-10.0,2.0,-11.0,2.0,-10.0,2.0,-11.0,2.0,-11.0,3.0,-11.0,2.0,-11.0,2.0,-11.0,3.0
3.5505,122.0,-96.0,7.0,0.0,0.0,0.0,0.0,0.0,0.0,0.0,0.0,0.0,14.0,-7.0,12.0,-6.0,10.0,-5.0,7.0,-5.0,5.0,-5.0,2.0,-6.0,1.0,-8.0,-1.0,-9.0,-1.0,-12.0,-1.0,-14.0,0.0,-15.0,1.0,-16.0,2.0,-16.0,3.0,-16.0,3.0,-15.0,4.0,-14.0,4.0,-12.0,3.0,-10.0,2.0,-8.0,0.0,-7.0,-2.0,-6.0,-4.0,-6.0,-7.0,-7.0,-8.0,-7.0,-10.0,-9.0,-10.0,-10.0
3.5664,122.0,-96.0,7.0,0.0,0.0,0.0,0.0,0.0,0.0,0.0,0.0,0.0,-5.0,11.0,-5.0,12.0,-5.0,12.0,-5.0,12.0,-5.0,11.0,-5.0,12.0,-5.0,12.0,-4.0,12.0,-5.0,12.0,-5.0,12.0,-5.0,12.0,-5.0,12.0,-5.0,12.0,-4.0,12.0,-4.0,12.0,-5.0,12.0,-4.0,12.0,-4.0,12.0,-4.0,12.0,-4.0,13.0,-4.0,13.0,-4.0,12.0,-3.0,12.0,-4.0,13.0,-4.0,12.0,-3.0,13.0
3.5808,122.0,-96.0,7.0,0.0,0.0,0.0,0.0,0.0,0.0,0.0,0.0,0.0,-5.0,-9.0,-5.0,-9.0,-6.0,-9.0,-6.0,-10.0,-6.0,-9.0,-6.0,-10.0,-6.0,-9.0,-6.0,-9.0,-6.0,-9.0,-6.0,-9.0,-6.0,-9.0,-6.0,-9.0,-6.0,-9.0,-6.0,-9.0,-7.0,-9.0,-7.0,-9.0,-7.0,-9.0,-7.0,-9.0,-7.0,-9.0,-7.0,-8.0,-7.0,-9.0,-7.0,-8.0,-8.0,-9.0,-7.0,-9.0,-7.0,-8.0,-7.0,-8.0
3.6039,122.0,-96.0,7.0,0.0,0.0,0.0,0.0,0.0,0.0,0.0,0.0,0.0,6.0,-14.0,6.0,-18.0,8.0,-20.0,9.0,-22.0,11.0,-22.0,13.0,-21.0,13.0,-20.0,13.0,-18.0,12.0,-16.0,10.0,-14.0,8.0,-12.0,4.0,-11.0,0.0,-9.0,-4.0,-10.0,-7.0,-11.0,-9.0,-12.0,-12.0,-13.0,-13.0,-16.0,-14.0,-17.0,-14.0,-18.0,-14.0,-19.0,-12.0,-19.0,-11.0,-19.0,-9.0,-17.0,-8.0,-14.0,-7.0,-12.0
3.6262,122.0,-96.0,7.0,0.0,0.0,0.0,0.0,0.0,0.0,0.0,0.0,0.0,8.0,6.0,8.0,2.0,9.0,-1.0,12.0,-4.0,15.0,-6.0,17.0,-7.0,19.0,-7.0,22.0,-6.0,22.0,-5.0,23.0,-3.0,22.0,-2.0,21.0,0.0,18.0,1.0,15.0,1.0,13.0,0.0,10.0,-2.0,7.0,-5.0,7.0,-8.0,6.0,-11.0,6.0,-14.0,7.0,-17.0,8.0,-18.0,9.0,-20.0,12.0,-19.0,13.0,-18.0,14.0,-17.0
3.6484,122.0,-96.0,7.0,0.0,0.0,0.0,0.0,0.0,0.0,0.0,0.0,0.0,-16.0,-12.0,-16.0,-13.0,-15.0,-14.0,-14.0,-14.0,-12.0,-14.0,-11.0,-12.0,-9.0,-9.0,-8.0,-6.0,-8.0,-3.0,-8.0,0.0,-9.0,2.0,-10.0,5.0,-12.0,6.0,-14.0,8.0,-16.0,9.0,-16.0,8.0,-17.0,7.0,-17.0,6.0,-17.0,5.0,-16.0,4.0,-14.0,3.0,-11.0,3.0,-8.0,4.0,-6.0,5.0,-4.0,6.0,-1.0,8.0
3.6706,122.0,-96.0,7.0,0.0,0.0,0.0,0.0,0.0,0.0,0.0,0.0,0.0,-10.0,8.0,-12.0,10.0,-13.0,11.0,-15.0,12.0,-17.0,11.0,-17.0,10.0,-17.0,9.0,-16.0,8.0,-15.0,7.0,-13.0,5.0,-10.0,5.0,-7.0,5.0,-5.0,6.0,-2.0,7.0,0.0,9.0,2.0,11.0,3.0,13.0,3.0,15.0,4.0,17.0,3.0,17.0,2.0,18.0,1.0,18.0,1.0,17.0,-1.0,15.0,0.0,12.0,1.0,10.0
3.6898,122.0,-96.0,7.0,0.0,0.0,0.0,0.0,0.0,0.0,0.0,0.0,0.0,8.0,12.0,6.0,10.0,5.0,9.0,4.0,6.0,5.0,4.0,6.0,1.0,7.0,-1.0,9.0,-2.0,11.0,-3.0,13.0,-3.0,14.0,-3.0,15.0,-1.0,15.0,0.0,16.0,1.0,15.0,2.0,13.0,3.0,11.0,2.0,9.0,2.0,8.0,1.0,6.0,-1.0,6.0,-3.0,5.0,-5.0,5.0,-8.0,6.0,-9.0,7.0,-10.0,8.0,-11.0
3.7049,122.0,-96.0,7.0,0.0,0.0,0.0,0.0,0.0,0.0,0.0,0.0,0.0,-6.0,-9.0,-6.0,-9.0,-6.0,-9.0,-6.0,-10.0,-6.0,-9.0,-7.0,-9.0,-6.0,-9.0,-7.0,-9.0,-7.0,-9.0,-7.0,-9.0,-6.0,-9.0,-7.0,-9.0,-6.0,-9.0,-7.0,-9.0,-7.0,-9.0,-7.0,-9.0,-7.0,-9.0,-7.0,-8.0,-8.0,-9.0,-8.0,-8.0,-8.0,-9.0,-7.0,-8.0,-8.0,-9.0,-7.0,-8.0,-7.0,-9.0,-8.0,-8.0
3.7207,122.0,-96.0,7.0,0.0,0.0,0.0,0.0,0.0,0.0,0.0,0.0,0.0,-10.0,-9.0,-10.0,-9.0,-10.0,-9.0,-10.0,-9.0,-10.0,-9.0,-11.0,-9.0,-11.0,-9.0,-11.0,-9.0,-10.0,-9.0,-10.0,-9.0,-10.0,-9.0,-11.0,-9.0,-10.0,-9.0,-10.0,-8.0,-11.0,-9.0,-10.0,-9.0,-11.0,-8.0,-11.0,-8.0,-11.0,-9.0,-11.0,-8.0,-11.0,-8.0,-11.0,-8.0,-11.0,-8.0,-11.0,-8.0,-12.0,-8.0,-12.0,-8.0
3.7442,122.0,-96.0,7.0,0.0,0.0,0.0,0.0,0.0,0.0,0.0,0.0,0.0,6.0,7.0,8.0,4.0,10.0,1.0,13.0,-1.0,16.0,-2.0,19.0,-2.0,21.0,-1.0,22.0,0.0,23.0,1.0,23.0,3.0,21.0,5.0,19.0,6.0,17.0,5.0,13.0,4.0,11.0,2.0,10.0,-1.0,8.0,-4.0,8.0,-8.0,7.0,-10.0,9.0,-13.0,11.0,-16.0,12.0,-16.0,14.0,-17.0,16.0,-16.0,16.0,-15.0,16.0,-14.0
3.7648,122.0,-96.0,7.0,0.0,0.0,0.0,0.0,0.0,0.0,0.0,0.0,0.0,15.0,-1.0,13.0,0.0,11.0,0.0,8.0,-1.0,6.0,-3.0,5.0,-5.0,4.0,-7.0,3.0,-9.0,4.0,-12.0,5.0,-14.0,6.0,-15.0,7.0,-15.0,9.0,-14.0,9.0,-14.0,9.0,-13.0,9.0,-11.0,9.0,-9.0,6.0,-8.0,5.0,-7.0,2.0,-7.0,0.0,-7.0,-2.0,-8.0,-4.0,-9.0,-5.0,-11.0,-6.0,-13.0,-6.0,-14.0
3.7875,122.0,-96.0,7.0,0.0,0.0,0.0,0.0,0.0,0.0,0.0,0.0,0.0,-9.0,-23.0,-8.0,-24.0,-6.0,-24.0,-5.0,-23.0,-4.0,-21.0,-3.0,-18.0,-3.0,-14.0,-4.0,-10.0,-6.0,-7.0,-9.0,-5.0,-11.0,-3.0,-14.0,-2.0,-18.0,-2.0,-20.0,-2.0,-23.0,-2.0,-22.0,-3.0,-23.0,-5.0,-23.0,-6.0,-21.0,-6.0,-19.0,-6.0,-16.0,-5.0,-13.0,-3.0,-11.0,-1.0,-10.0,1.0,-8.0,5.0,-7.0,8.0
3.8016,122.0,-96.0,7.0,0.0,0.0,0.0,0.0,0.0,0.0,0.0,0.0,0.0,-2.0,10.0,-2.0,9.0,-2.0,9.0,-2.0,9.0,-2.0,10.0,-1.0,10.0,-1.0,10.0,-1.0,10.0,-1.0,10.0,-1.0,9.0,-1.0,10.0,-1.0,10.0,-1.0,10.0,-1.0,10.0,-1.0,10.0,0.0,10.0,0.0,10.0,0.0,10.0,0.0,10.0,0.0,10.0,0.0,10.0,0.0,10.0,0.0,10.0,0.0,10.0,0.0,10.0,0.0,10.0
3.8228,122.0,-96.0,7.0,0.0,0.0,0.0,0.0,0.0,0.0,0.0,0.0,0.0,0.0,-11.0,0.0,-13.0,0.0,-15.0,1.0,-16.0,2.0,-17.0,3.0,-17.0,3.0,-16.0,4.0,-15.0,4.0,-13.0,3.0,-11.0,2.0,-10.0,0.0,-8.0,-3.0,-7.0,-5.0,-6.0,-7.0,-6.0,-8.0,-6.0,-11.0,-7.0,-12.0,-7.0,-13.0,-8.0,-13.0,-10.0,-13.0,-10.0,-12.0,-10.0,-11.0,-10.0,-9.0,-9.0,-8.0,-8.0,-7.0,-6.0
3.846,122.0,-96.0,7.0,0.0,0.0,0.0,0.0,0.0,0.0,0.0,0.0,0.0,6.0,-9.0,8.0,-11.0,9.0,-12.0,10.0,-12.0,12.0,-12.0,12.0,-11.0,12.0,-10.0,12.0,-9.0,10.0,-8.0,9.0,-7.0,7.0,-6.0,4.0,-7.0,2.0,-6.0,-1.0,-7.0,-3.0,-9.0,-4.0,-10.0,-6.0,-12.0,-6.0,-13.0,-6.0,-14.0,-6.0,-15.0,-5.0,-16.0,-4.0,-15.0,-4.0,-14.0,-2.0,-12.0,-3.0,-10.0,-3.0,-9.0
3.8691,122.0,-96.0,7.0,0.0,0.0,0.0,0.0,0.0,0.0,0.0,0.0,0.0,14.0,6.0,16.0,7.0,19.0,8.0,20.0,10.0,20.0,12.0,20.0,13.0,18.0,13.0,17.0,13.0,14.0,12.0,12.0,10.0,11.0,7.0,9.0,3.0,9.0,0.0,9.0,-4.0,10.0,-7.0,11.0,-10.0,13.0,-12.0,15.0,-13.0,17.0,-13.0,18.0,-14.0,19.0,-13.0,19.0,-11.0,17.0,-10.0,15.0,-8.0,12.0,-8.0,9.0,-7.0
3.8816,122.0,-96.0,7.0,0.0,0.0,0.0,0.0,0.0,0.0,0.0,0.0,0.0,8.0,5.0,8.0,5.0,8.0,5.0,8.0,5.0,8.0,5.0,8.0,5.0,9.0,5.0,9.0,4.0,8.0,4.0,8.0,4.0,9.0,5.0,9.0,5.0,8.0,4.0,9.0,4.0,9.0,4.0,9.0,4.0,9.0,3.0,9.0,4.0,9.0,4.0,9.0,4.0,9.0,4.0,9.0,3.0,9.0,4.0,9.0,3.0,9.0,4.0,9.0,3.0
3.8939,122.0,-96.0,7.0,0.0,0.0,0.0,0.0,0.0,0.0,0.0,0.0,0.0,5.0,9.0,4.0,8.0,5.0,8.0,5.0,8.0,5.0,8.0,5.0,8.0,5.0,8.0,5.0,8.0,5.0,8.0,5.0,8.0,5.0,8.0,6.0,8.0,5.0,8.0,6.0,8.0,6.0,8.0,6.0,8.0,6.0,7.0,7.0,8.0,6.0,8.0,6.0,8.0,6.0,8.0,6.0,8.0,7.0,8.0,7.0,7.0,6.0,7.0,7.0,7.0
3.9211,122.0,-96.0,7.0,0.0,0.0,0.0,0.0,0.0,0.0,0.0,0.0,0.0,1.0,12.0,2.0,14.0,2.0,16.0,1.0,18.0,0.0,19.0,0.0,20.0,-1.0,18.0,-2.0,17.0,-2.0,15.0,-2.0,13.0,-1.0,10.0,1.0,8.0,3.0,6.0,5.0,4.0,8.0,4.0,11.0,4.0,13.0,4.0,15.0,6.0,16.0,6.0,16.0,6.0,16.0,7.0,15.0,8.0,14.0,8.0,12.0,8.0,10.0,6.0,9.0,4.0
3.9383,122.0,-96.0,7.0,0.0,0.0,0.0,0.0,0.0,0.0,0.0,0.0,0.0,-3.0,8.0,0.0,8.0,4.0,8.0,7.0,9.0,10.0,10.0,11.0,12.0,12.0,14.0,11.0,16.0,11.0,17.0,10.0,18.0,8.0,18.0,6.0,17.0,5.0,15.0,5.0,12.0,4.0,10.0,5.0,6.0,7.0,3.0,9.0,2.0,11.0,0.0,14.0,-1.0,16.0,-1.0,18.0,0.0,19.0,1.0,19.0,3.0,19.0,3.0,18.0,5.0
3.9527,122.0,-96.0,7.0,0.0,0.0,0.0,0.0,0.0,0.0,0.0,0.0,0.0,10.0,-1.0,10.0,-1.0,9.0,-2.0,10.0,-2.0,10.0,-2.0,10.0,-2.0,10.0,-2.0,10.0,-2.0,10.0,-2.0,9.0,-2.0,10.0,-2.0,10.0,-3.0,9.0,-3.0,10.0,-3.0,10.0,-3.0,10.0,-3.0,10.0,-3.0,10.0,-3.0,10.0,-4.0,9.0,-4.0,10.0,-4.0,9.0,-4.0,9.0,-4.0,10.0,-4.0,9.0,-4.0,10.0,-4.0
3.9665,122.0,-96.0,7.0,0.0,0.0,0.0,0.0,0.0,0.0,0.0,0.0,0.0,-1.0,12.0,-1.0,12.0,-1.0,12.0,-1.0,12.0,-1.0,13.0,0.0,13.0,-1.0,13.0,0.0,12.0,-1.0,12.0,-1.0,12.0,0.0,13.0,0.0,12.0,0.0,13.0,0.0,13.0,0.0,12.0,0.0,13.0,0.0,13.0,1.0,13.0,1.0,12.0,1.0,13.0,1.0,13.0,1.0,13.0,2.0,13.0,1.0,13.0,1.0,13.0,1.0,13.0
3.9889,122.0,-96.0,7.0,0.0,0.0,0.0,0.0,0.0,0.0,0.0,0.0,0.0,4.0,9.0,5.0,11.0,6.0,13.0,6.0,14.0,6.0,16.0,4.0,16.0,4.0,16.0,3.0,15.0,2.0,14.0,2.0,11.0,2.0,9.0,3.0,7.0,4.0,4.0,6.0,2.0,8.0,1.0,10.0,0.0,12.0,-1.0,13.0,-1.0,15.0,0.0,16.0,0.0,16.0,1.0,15.0,2.0,14.0,2.0,12.0,2.0,10.0,2.0,9.0,1.0
4.0031,122.0,-96.0,7.0,0.0,0.0,0.0,0.0,0.0,0.0,0.0,0.0,0.0,7.0,-7.0,7.0,-7.0,7.0,-7.0,7.0,-7.0,7.0,-7.0,7.0,-8.0,7.0,-7.0,7.0,-8.0,7.0,-8.0,7.0,-8.0,7.0,-8.0,7.0,-8.0,7.0,-8.0,6.0,-8.0,7.0,-9.0,6.0,-8.0,6.0,-8.0,6.0,-9.0,6.0,-9.0,6.0,-9.0,6.0,-9.0,6.0,-9.0,6.0,-9.0,6.0,-9.0,6.0,-9.0,6.0,-9.0
4.0268,122.0,-96.0,7.0,0.0,0.0,0.0,0.0,0.0,0.0,0.0,0.0,0.0,-8.0,-7.0,-9.0,-5.0,-10.0,-1.0,-13.0,2.0,-16.0,4.0,-19.0,4.0,-22.0,2.0,-23.0,3.0,-23.0,0.0,-23.0,-1.0,-22.0,-2.0,-22.0,-4.0,-19.0,-5.0,-15.0,-3.0,-13.0,-3.0,-11.0,0.0,-9.0,3.0,-8.0,7.0,-8.0,9.0,-10.0,11.0,-10.0,14.0,-11.0,15.0,-13.0,17.0,-14.0,16.0,-16.0,15.0,-17.0,14.0
4.041,122.0,-96.0,7.0,0.0,0.0,0.0,0.0,0.0,0.0,0.0,0.0,0.0,1.0,9.0,1.0,10.0,1.0,9.0,1.0,9.0,1.0,10.0,2.0,10.0,1.0,10.0,2.0,10.0,2.0,10.0,2.0,9.0,1.0,10.0,2.0,10.0,2.0,9.0,2.0,10.0,2.0,9.0,2.0,10.0,2.0,10.0,2.0,9.0,3.0,9.0,2.0,10.0,3.0,9.0,3.0,9.0,3.0,9.0,2.0,10.0,3.0,9.0,3.0,10.0
4.0603,122.0,-96.0,7.0,0.0,0.0,0.0,0.0,0.0,0.0,0.0,0.0,0.0,7.0,-2.0,6.0,-5.0,4.0,-7.0,4.0,-10.0,4.0,-13.0,5.0,-15.0,7.0,-16.0,7.0,-17.0,9.0,-17.0,10.0,-16.0,10.0,-15.0,10.0,-13.0,10.0,-12.0,7.0,-10.0,5.0,-9.0,3.0,-8.0,0.0,-8.0,-3.0,-8.0,-5.0,-10.0,-6.0,-12.0,-8.0,-13.0,-7.0,-15.0,-8.0,-17.0,-6.0,-17.0,-6.0,-17.0,-4.0,-17.0
4.0737,122.0,-96.0,7.0,0.0,0.0,0.0,0.0,0.0,0.0,0.0,0.0,0.0,4.0,-13.0,4.0,-13.0,4.0,-12.0,3.0,-13.0,3.0,-13.0,3.0,-14.0,3.0,-13.0,3.0,-13.0,3.0,-13.0,3.0,-13.0,3.0,-13.0,3.0,-13.0,3.0,-13.0,2.0,-14.0,2.0,-13.0,3.0,-14.0,2.0,-14.0,2.0,-14.0,2.0,-14.0,2.0,-14.0,2.0,-14.0,2.0,-14.0,1.0,-14.0,1.0,-14.0,1.0,-14.0,1.0,-14.0
4.0874,122.0,-96.0,7.0,0.0,0.0,0.0,0.0,0.0,0.0,0.0,0.0,0.0,10.0,-1.0,10.0,-1.0,10.0,-1.0,10.0,-2.0,10.0,-1.0,10.0,-2.0,10.0,-2.0,10.0,-2.0,10.0,-2.0,10.0,-2.0,10.0,-2.0,10.0,-2.0,10.0,-2.0,10.0,-2.0,10.0,-3.0,10.0,-3.0,10.0,-3.0,10.0,-3.0,10.0,-3.0,10.0,-3.0,10.0,-3.0,10.0,-3.0,10.0,-4.0,10.0,-3.0,10.0,-3.0,10.0,-3.0
4.1082,122.0,-96.0,7.0,0.0,0.0,0.0,0.0,0.0,0.0,0.0,0.0,0.0,24.0,-2.0,20.0,-1.0,16.0,-1.0,13.0,-2.0,9.0,-5.0,7.0,-8.0,5.0,-11.0,4.0,-15.0,4.0,-19.0,6.0,-21.0,7.0,-23.0,9.0,-24.0,11.0,-24.0,12.0,-23.0,13.0,-21.0,13.0,-17.0,12.0,-15.0,8.0,-12.0,5.0,-10.0,2.0,-10.0,-2.0,-10.0,-5.0,-12.0,-8.0,-14.0,-10.0,-15.0,-12.0,-18.0,-11.0,-21.0
4.1215,122.0,-96.0,7.0,0.0,0.0,0.0,0.0,0.0,0.0,0.0,0.0,0.0,8.0,-6.0,8.0,-6.0,8.0,-6.0,8.0,-6.0,8.0,-6.0,8.0,-6.0,8.0,-7.0,8.0,-6.0,8.0,-6.0,8.0,-7.0,8.0,-7.0,8.0,-7.0,8.0,-7.0,8.0,-6.0,8.0,-7.0,8.0,-7.0,7.0,-7.0,8.0,-8.0,8.0,-7.0,7.0,-7.0,8.0,-7.0,8.0,-7.0,8.0,-8.0,8.0,-7.0,8.0,-7.0,7.0,-8.0
4.1463,122.0,-96.0,7.0,0.0,0.0,0.0,0.0,0.0,0.0,0.0,0.0,0.0,-25.0,1.0,-21.0,0.0,-18.0,0.0,-14.0,1.0,-11.0,4.0,-8.0,6.0,-6.0,10.0,-5.0,14.0,-5.0,17.0,-7.0,20.0,-8.0,22.0,-10.0,23.0,-13.0,23.0,-14.0,21.0,-14.0,20.0,-14.0,17.0,-13.0,14.0,-11.0,12.0,-7.0,10.0,-4.0,9.0,-1.0,9.0,3.0,10.0,6.0,12.0,9.0,14.0,11.0,17.0,10.0,19.0
4.1665,122.0,-96.0,7.0,0.0,0.0,0.0,0.0,0.0,0.0,0.0,0.0,0.0,8.0,0.0,6.0,-3.0,6.0,-6.0,6.0,-8.0,7.0,-12.0,9.0,-13.0,10.0,-14.0,11.0,-14.0,13.0,-13.0,14.0,-13.0,14.0,-12.0,13.0,-11.0,12.0,-9.0,10.0,-8.0,8.0,-7.0,6.0,-7.0,2.0,-7.0,0.0,-9.0,-2.0,-10.0,-3.0,-12.0,-4.0,-14.0,-3.0,-16.0,-4.0,-18.0,-2.0,-18.0,-2.0,-19.0,0.0,-18.0
4.1833,122.0,-96.0,7.0,0.0,0.0,0.0,0.0,0.0,0.0,0.0,0.0,0.0,-11.0,-1.0,-11.0,-1.0,-11.0,-1.0,-11.0,-1.0,-11.0,-2.0,-11.0,-1.0,-11.0,-1.0,-11.0,-1.0,-11.0,-1.0,-11.0,-1.0,-11.0,-1.0,-11.0,-1.0,-11.0,-1.0,-11.0,-1.0,-11.0,0.0,-11.0,0.0,-11.0,0.0,-11.0,0.0,-11.0,0.0,-11.0,0.0,-11.0,0.0,-11.0,0.0,-11.0,0.0,-11.0,1.0,-11.0,0.0,-12.0,0.0
4.2059,122.0,-96.0,7.0,0.0,0.0,0.0,0.0,0.0,0.0,0.0,0.0,0.0,-4.0,-8.0,-6.0,-5.0,-8.0,-3.0,-11.0,-3.0,-14.0,-2.0,-16.0,-2.0,-17.0,-3.0,-18.0,-4.0,-19.0,-6.0,-19.0,-8.0,-17.0,-7.0,-15.0,-8.0,-14.0,-8.0,-11.0,-6.0,-10.0,-5.0,-8.0,-2.0,-8.0,1.0,-8.0,4.0,-8.0,6.0,-10.0,8.0,-11.0,10.0,-13.0,10.0,-14.0,11.0,-16.0,9.0,-17.0,9.0,-16.0,7.0
4.2284,122.0,-96.0,7.0,0.0,0.0,0.0,0.0,0.0,0.0,0.0,0.0,0.0,3.0,-11.0,-1.0,-11.0,-6.0,-11.0,-10.0,-12.0,-13.0,-14.0,-15.0,-17.0,-15.0,-19.0,-15.0,-21.0,-13.0,-23.0,-13.0,-24.0,-10.0,-23.0,-8.0,-22.0,-7.0,-20.0,-6.0,-16.0,-6.0,-13.0,-6.0,-9.0,-9.0,-6.0,-12.0,-4.0,-15.0,-1.0,-19.0,-1.0,-21.0,0.0,-23.0,-1.0,-25.0,-3.0,-25.0,-5.0,-25.0,-6.0,-23.0,-7.0
4.2511,122.0,-96.0,7.0,0.0,0.0,0.0,0.0,0.0,0.0,0.0,0.0,0.0,-11.0,13.0,-10.0,12.0,-8.0,9.0,-6.0,8.0,-3.0,7.0,0.0,7.0,3.0,8.0,5.0,9.0,7.0,11.0,8.0,13.0,8.0,15.0,7.0,16.0,6.0,17.0,5.0,17.0,4.0,17.0,2.0,15.0,2.0,13.0,2.0,11.0,3.0,8.0,3.0,6.0,5.0,4.0,8.0,2.0,10.0,2.0,13.0,2.0,14.0,3.0,15.0,3.0
4.2751,122.0,-96.0,7.0,0.0,0.0,0.0,0.0,0.0,0.0,0.0,0.0,0.0,-13.0,-13.0,-11.0,-12.0,-8.0,-9.0,-8.0,-7.0,-7.0,-4.0,-8.0,-1.0,-9.0,2.0,-11.0,4.0,-13.0,5.0,-15.0,6.0,-17.0,6.0,-18.0,5.0,-18.0,4.0,-19.0,2.0,-18.0,1.0,-16.0,0.0,-14.0,-1.0,-12.0,0.0,-10.0,1.0,-8.0,2.0,-6.0,5.0,-5.0,7.0,-4.0,10.0,-5.0,12.0,-6.0,13.0,-7.0,15.0
4.2899,122.0,-96.0,7.0,0.0,0.0,0.0,0.0,0.0,0.0,0.0,0.0,0.0,-10.0,3.0,-10.0,4.0,-10.0,4.0,-10.0,4.0,-10.0,4.0,-10.0,4.0,-10.0,4.0,-10.0,4.0,-10.0,4.0,-10.0,4.0,-10.0,4.0,-10.0,4.0,-10.0,4.0,-10.0,4.0,-9.0,5.0,-10.0,5.0,-10.0,4.0,-10.0,5.0,-9.0,5.0,-10.0,5.0,-10.0,5.0,-10.0,5.0,-10.0,6.0,-9.0,5.0,-10.0,5.0,-9.0,5.0
4.3063,122.0,-96.0,7.0,0.0,0.0,0.0,0.0,0.0,0.0,0.0,0.0,0.0,-10.0,-2.0,-11.0,-2.0,-11.0,-1.0,-10.0,-1.0,-11.0,-1.0,-11.0,-1.0,-11.0,-1.0,-11.0,-1.0,-11.0,-1.0,-11.0,-1.0,-11.0,-1.0,-11.0,-1.0,-11.0,-1.0,-11.0,-1.0,-11.0,0.0,-11.0,-1.0,-11.0,0.0,-11.0,0.0,-11.0,0.0,-11.0,0.0,-11.0,0.0,-11.0,0.0,-11.0,0.0,-12.0,0.0,-11.0,0.0,-11.0,0.0
4.3289,122.0,-96.0,7.0,0.0,0.0,0.0,0.0,0.0,0.0,0.0,0.0,0.0,-2.0,-16.0,-1.0,-13.0,-1.0,-12.0,-2.0,-9.0,-3.0,-7.0,-4.0,-5.0,-7.0,-4.0,-9.0,-3.0,-12.0,-3.0,-13.0,-5.0,-14.0,-6.0,-14.0,-7.0,-14.0,-9.0,-14.0,-10.0,-13.0,-9.0,-11.0,-10.0,-9.0,-9.0,-8.0,-7.0,-7.0,-6.0,-7.0,-3.0,-7.0,-1.0,-7.0,1.0,-9.0,3.0,-11.0,4.0,-12.0,5.0,-13.0,5.0
4.352,122.0,-96.0,7.0,0.0,0.0,0.0,0.0,0.0,0.0,0.0,0.0,0.0,19.0,-5.0,20.0,-4.0,19.0,-2.0,18.0,-1.0,16.0,-1.0,14.0,0.0,12.0,-1.0,8.0,-2.0,6.0,-4.0,4.0,-6.0,3.0,-9.0,2.0,-11.0,2.0,-14.0,2.0,-16.0,3.0,-17.0,3.0,-18.0,5.0,-19.0,5.0,-18.0,6.0,-17.0,6.0,-15.0,5.0,-13.0,4.0,-11.0,1.0,-10.0,-1.0,-8.0,-4.0,-7.0,-7.0,-7.0
4.3663,122.0,-96.0,7.0,0.0,0.0,0.0,0.0,0.0,0.0,0.0,0.0,0.0,-11.0,0.0,-11.0,0.0,-11.0,0.0,-11.0,0.0,-11.0,0.0,-11.0,0.0,-11.0,0.0,-11.0,1.0,-11.0,0.0,-11.0,1.0,-11.0,1.0,-11.0,1.0,-11.0,1.0,-11.0,1.0,-11.0,2.0,-11.0,1.0,-11.0,2.0,-11.0,2.0,-11.0,2.0,-11.0,2.0,-11.0,2.0,-11.0,2.0,-10.0,3.0,-11.0,3.0,-11.0,3.0,-11.0,3.0
4.3866,122.0,-96.0,7.0,0.0,0.0,0.0,0.0,0.0,0.0,0.0,0.0,0.0,9.0,-4.0,6.0,-7.0,4.0,-10.0,3.0,-13.0,2.0,-16.0,3.0,-19.0,4.0,-21.0,5.0,-22.0,7.0,-23.0,8.0,-22.0,10.0,-20.0,10.0,-18.0,9.0,-16.0,7.0,-14.0,5.0,-13.0,3.0,-10.0,-1.0,-9.0,-5.0,-9.0,-8.0,-10.0,-10.0,-12.0,-13.0,-13.0,-13.0,-16.0,-13.0,-18.0,-12.0,-18.0,-12.0,-19.0,-10.0,-20.0
4.4089,122.0,-96.0,7.0,0.0,0.0,0.0,0.0,0.0,0.0,0.0,0.0,0.0,6.0,5.0,6.0,2.0,8.0,0.0,9.0,-3.0,12.0,-4.0,14.0,-5.0,16.0,-4.0,18.0,-3.0,18.0,-2.0,19.0,0.0,18.0,1.0,16.0,1.0,15.0,2.0,12.0,2.0,10.0,1.0,8.0,-1.0,6.0,-3.0,5.0,-7.0,5.0,-9.0,6.0,-11.0,7.0,-13.0,8.0,-13.0,9.0,-15.0,11.0,-15.0,12.0,-14.0,12.0,-13.0
4.4295,122.0,-96.0,7.0,0.0,0.0,0.0,0.0,0.0,0.0,0.0,0.0,0.0,-11.0,-1.0,-13.0,-2.0,-15.0,-2.0,-16.0,-3.0,-17.0,-4.0,-16.0,-5.0,-16.0,-5.0,-15.0,-6.0,-13.0,-6.0,-12.0,-6.0,-9.0,-3.0,-8.0,-2.0,-7.0,1.0,-6.0,3.0,-6.0,5.0,-6.0,8.0,-7.0,10.0,-8.0,11.0,-9.0,11.0,-10.0,12.0,-11.0,12.0,-11.0,11.0,-11.0,9.0,-10.0,8.0,-9.0,7.0,-6.0,6.0
4.4538,122.0,-96.0,7.0,0.0,0.0,0.0,0.0,0.0,0.0,0.0,0.0,0.0,18.0,-17.0,19.0,-16.0,19.0,-14.0,19.0,-12.0,17.0,-10.0,16.0,-9.0,12.0,-8.0,8.0,-8.0,4.0,-9.0,1.0,-10.0,-2.0,-11.0,-4.0,-14.0,-6.0,-16.0,-8.0,-18.0,-7.0,-21.0,-7.0,-23.0,-5.0,-23.0,-4.0,-23.0,-3.0,-21.0,-3.0,-19.0,-2.0,-17.0,-3.0,-14.0,-3.0,-11.0,-6.0,-8.0,-8.0,-6.0,-11.0,-4.0
4.4778,122.0,-96.0,7.0,0.0,0.0,0.0,0.0,0.0,0.0,0.0,0.0,0.0,12.0,-14.0,12.0,-13.0,13.0,-12.0,12.0,-11.0,12.0,-10.0,10.0,-8.0,7.0,-7.0,5.0,-6.0,2.0,-6.0,0.0,-7.0,-3.0,-8.0,-5.0,-10.0,-6.0,-11.0,-7.0,-13.0,-7.0,-15.0,-7.0,-16.0,-5.0,-16.0,-5.0,-17.0,-5.0,-15.0,-4.0,-14.0,-3.0,-11.0,-3.0,-9.0,-4.0,-7.0,-5.0,-5.0,-7.0,-3.0,-9.0,-2.0
4.491,122.0,-96.0,7.0,0.0,0.0,0.0,0.0,0.0,0.0,0.0,0.0,0.0,7.0,7.0,6.0,7.0,7.0,7.0,6.0,7.0,7.0,7.0,7.0,7.0,7.0,7.0,7.0,7.0,7.0,7.0,7.0,7.0,7.0,7.0,7.0,7.0,7.0,7.0,7.0,6.0,8.0,6.0,8.0,7.0,7.0,5.0,8.0,7.0,8.0,6.0,8.0,6.0,8.0,6.0,8.0,6.0,8.0,6.0,8.0,6.0,8.0,6.0,8.0,6.0
4.5141,122.0,-96.0,7.0,0.0,0.0,0.0,0.0,0.0,0.0,0.0,0.0,0.0,-7.0,-16.0,-6.0,-14.0,-5.0,-13.0,-5.0,-10.0,-6.0,-7.0,-7.0,-4.0,-9.0,-1.0,-12.0,0.0,-14.0,1.0,-16.0,0.0,-18.0,-1.0,-19.0,-2.0,-19.0,-4.0,-19.0,-5.0,-18.0,-6.0,-15.0,-7.0,-13.0,-6.0,-11.0,-4.0,-10.0,-3.0,-8.0,-1.0,-8.0,2.0,-8.0,4.0,-8.0,8.0,-10.0,9.0,-11.0,10.0,-13.0,11.0
4.5284,122.0,-96.0,7.0,0.0,0.0,0.0,0.0,0.0,0.0,0.0,0.0,0.0,-1.0,13.0,-1.0,12.0,0.0,12.0,0.0,12.0,0.0,13.0,0.0,13.0,0.0,13.0,0.0,13.0,0.0,12.0,0.0,13.0,1.0,13.0,1.0,13.0,1.0,13.0,1.0,13.0,2.0,12.0,2.0,12.0,1.0,13.0,2.0,12.0,2.0,12.0,2.0,13.0,2.0,13.0,2.0,13.0,3.0,12.0,2.0,13.0,2.0,13.0,3.0,13.0
4.5523,122.0,-96.0,7.0,0.0,0.0,0.0,0.0,0.0,0.0,0.0,0.0,0.0,-2.0,-16.0,-3.0,-19.0,-2.0,-22.0,-2.0,-23.0,-1.0,-24.0,1.0,-24.0,2.0,-24.0,2.0,-22.0,3.0,-20.0,2.0,-16.0,1.0,-14.0,-1.0,-11.0,-5.0,-9.0,-9.0,-7.0,-12.0,-6.0,-15.0,-6.0,-17.0,-6.0,-19.0,-7.0,-20.0,-8.0,-22.0,-10.0,-21.0,-10.0,-20.0,-11.0,-18.0,-11.0,-16.0,-10.0,-14.0,-8.0,-12.0,-6.0
4.5741,122.0,-96.0,7.0,0.0,0.0,0.0,0.0,0.0,0.0,0.0,0.0,0.0,-19.0,16.0,-20.0,15.0,-20.0,13.0,-20.0,12.0,-18.0,10.0,-16.0,8.0,-13.0,7.0,-9.0,7.0,-5.0,7.0,-1.0,9.0,2.0,11.0,4.0,13.0,5.0,15.0,7.0,18.0,7.0,20.0,6.0,21.0,5.0,22.0,4.0,22.0,3.0,20.0,2.0,18.0,2.0,15.0,2.0,12.0,3.0,9.0,5.0,7.0,8.0,4.0,11.0,2.0
4.5884,122.0,-96.0,7.0,0.0,0.0,0.0,0.0,0.0,0.0,0.0,0.0,0.0,-3.0,9.0,-3.0,9.0,-3.0,9.0,-3.0,9.0,-3.0,10.0,-3.0,10.0,-3.0,10.0,-3.0,10.0,-3.0,10.0,-3.0,9.0,-3.0,10.0,-3.0,10.0,-3.0,10.0,-2.0,10.0,-2.0,10.0,-2.0,10.0,-2.0,10.0,-2.0,10.0,-2.0,10.0,-2.0,10.0,-2.0,10.0,-2.0,10.0,-2.0,10.0,-1.0,10.0,-2.0,10.0,-2.0,10.0
4.6113,122.0,-96.0,7.0,0.0,0.0,0.0,0.0,0.0,0.0,0.0,0.0,0.0,-9.0,-16.0,-8.0,-14.0,-7.0,-12.0,-6.0,-9.0,-7.0,-6.0,-8.0,-3.0,-9.0,0.0,-12.0,1.0,-14.0,3.0,-16.0,2.0,-18.0,1.0,-19.0,0.0,-19.0,-1.0,-19.0,-3.0,-18.0,-3.0,-16.0,-4.0,-14.0,-4.0,-12.0,-3.0,-10.0,-2.0,-8.0,1.0,-7.0,3.0,-7.0,5.0,-6.0,9.0,-8.0,10.0,-10.0,11.0,-11.0,12.0
4.6248,122.0,-96.0,7.0,0.0,0.0,0.0,0.0,0.0,0.0,0.0,0.0,0.0,9.0,9.0,9.0,8.0,9.0,8.0,9.0,8.0,9.0,8.0,9.0,9.0,9.0,9.0,10.0,9.0,9.0,8.0,10.0,8.0,10.0,8.0,10.0,9.0,9.0,8.0,10.0,8.0,10.0,8.0,10.0,8.0,10.0,7.0,11.0,7.0,10.0,8.0,10.0,7.0,11.0,7.0,10.0,7.0,11.0,7.0,10.0,7.0,11.0,7.0,11.0,7.0
4.6477,122.0,-96.0,7.0,0.0,0.0,0.0,0.0,0.0,0.0,0.0,0.0,0.0,-3.0,-11.0,-4.0,-13.0,-4.0,-15.0,-4.0,-16.0,-3.0,-17.0,-3.0,-17.0,-1.0,-17.0,-1.0,-16.0,0.0,-14.0,-1.0,-12.0,-1.0,-10.0,-2.0,-7.0,-5.0,-5.0,-7.0,-4.0,-9.0,-3.0,-10.0,-3.0,-13.0,-3.0,-14.0,-3.0,-15.0,-3.0,-16.0,-5.0,-16.0,-5.0,-15.0,-6.0,-14.0,-5.0,-12.0,-5.0,-10.0,-5.0,-9.0,-3.0
4.6627,122.0,-96.0,7.0,0.0,0.0,0.0,0.0,0.0,0.0,0.0,0.0,0.0,-10.0,-9.0,-10.0,-9.0,-10.0,-9.0,-10.0,-9.0,-11.0,-9.0,-11.0,-9.0,-11.0,-9.0,-11.0,-9.0,-11.0,-9.0,-11.0,-9.0,-11.0,-9.0,-11.0,-9.0,-11.0,-8.0,-11.0,-8.0,-12.0,-9.0,-12.0,-9.0,-11.0,-7.0,-12.0,-8.0,-12.0,-8.0,-12.0,-8.0,-12.0,-8.0,-12.0,-8.0,-12.0,-8.0,-12.0,-7.0,-12.0,-8.0,-12.0,-7.0
4.6781,122.0,-96.0,7.0,0.0,0.0,0.0,0.0,0.0,0.0,0.0,0.0,0.0,-9.0,-7.0,-9.0,-7.0,-9.0,-7.0,-9.0,-7.0,-9.0,-6.0,-9.0,-6.0,-9.0,-7.0,-9.0,-6.0,-9.0,-6.0,-9.0,-6.0,-9.0,-6.0,-9.0,-6.0,-9.0,-6.0,-9.0,-6.0,-10.0,-6.0,-9.0,-6.0,-10.0,-5.0,-10.0,-6.0,-10.0,-6.0,-10.0,-5.0,-10.0,-6.0,-10.0,-6.0,-10.0,-5.0,-10.0,-5.0,-10.0,-5.0,-10.0,-5.0
4.6974,122.0,-96.0,7.0,0.0,0.0,0.0,0.0,0.0,0.0,0.0,0.0,0.0,9.0,-7.0,5.0,-10.0,2.0,-12.0,0.0,-15.0,-2.0,-18.0,-2.0,-22.0,-1.0,-25.0,1.0,-26.0,2.0,-27.0,4.0,-27.0,6.0,-25.0,7.0,-23.0,6.0,-20.0,5.0,-17.0,4.0,-14.0,1.0,-12.0,-3.0,-10.0,-7.0,-10.0,-11.0,-10.0,-14.0,-12.0,-17.0,-13.0,-18.0,-14.0,-18.0,-17.0,-17.0,-18.0,-16.0,-20.0,-14.0,-20.0
4.7241,122.0,-96.0,7.0,0.0,0.0,0.0,0.0,0.0,0.0,0.0,0.0,0.0,-16.0,-7.0,-14.0,-7.0,-12.0,-6.0,-10.0,-4.0,-8.0,-1.0,-8.0,2.0,-8.0,4.0,-8.0,7.0,-9.0,9.0,-11.0,10.0,-14.0,11.0,-15.0,10.0,-16.0,10.0,-17.0,9.0,-17.0,7.0,-15.0,6.0,-14.0,5.0,-11.0,4.0,-10.0,4.0,-7.0,4.0,-4.0,6.0,-2.0,7.0,-1.0,10.0,0.0,12.0,0.0,14.0,-1.0,16.0
4.7448,122.0,-96.0,7.0,0.0,0.0,0.0,0.0,0.0,0.0,0.0,0.0,0.0,-10.0,6.0,-7.0,8.0,-4.0,11.0,-2.0,15.0,-2.0,18.0,-2.0,21.0,-4.0,23.0,-6.0,25.0,-8.0,25.0,-8.0,25.0,-10.0,23.0,-11.0,20.0,-9.0,17.0,-7.0,15.0,-6.0,13.0,-3.0,11.0,2.0,9.0,6.0,9.0,9.0,10.0,12.0,13.0,14.0,14.0,15.0,16.0,15.0,19.0,14.0,20.0,12.0,21.0,10.0,21.0
4.7673,122.0,-96.0,7.0,0.0,0.0,0.0,0.0,0.0,0.0,0.0,0.0,0.0,10.0,-4.0,12.0,-5.0,14.0,-6.0,15.0,-6.0,16.0,-5.0,17.0,-4.0,16.0,-3.0,15.0,-2.0,13.0,-2.0,11.0,-2.0,9.0,-2.0,7.0,-3.0,5.0,-5.0,3.0,-7.0,2.0,-9.0,1.0,-11.0,0.0,-13.0,1.0,-15.0,1.0,-16.0,2.0,-16.0,3.0,-17.0,3.0,-16.0,3.0,-14.0,4.0,-13.0,3.0,-11.0,1.0,-9.0
4.7885,122.0,-96.0,7.0,0.0,0.0,0.0,0.0,0.0,0.0,0.0,0.0,0.0,7.0,-27.0,8.0,-27.0,9.0,-26.0,10.0,-24.0,9.0,-21.0,8.0,-17.0,6.0,-15.0,3.0,-12.0,-1.0,-10.0,-5.0,-10.0,-9.0,-10.0,-12.0,-11.0,-15.0,-12.0,-18.0,-15.0,-19.0,-17.0,-18.0,-18.0,-17.0,-20.0,-16.0,-19.0,-15.0,-18.0,-13.0,-18.0,-12.0,-15.0,-10.0,-12.0,-9.0,-8.0,-10.0,-4.0,-11.0,-1.0,-12.0,2.0
4.8013,122.0,-96.0,7.0,0.0,0.0,0.0,0.0,0.0,0.0,0.0,0.0,0.0,9.0,-4.0,9.0,-4.0,9.0,-4.0,9.0,-5.0,9.0,-4.0,9.0,-5.0,9.0,-5.0,9.0,-5.0,9.0,-5.0,9.0,-5.0,9.0,-5.0,9.0,-5.0,9.0,-5.0,9.0,-5.0,9.0,-6.0,9.0,-6.0,9.0,-5.0,9.0,-6.0,9.0,-6.0,9.0,-6.0,9.0,-6.0,8.0,-6.0,9.0,-7.0,8.0,-6.0,9.0,-6.0,9.0,-6.0
4.8166,122.0,-96.0,7.0,0.0,0.0,0.0,0.0,0.0,0.0,0.0,0.0,0.0,-4.0,12.0,-3.0,12.0,-3.0,13.0,-3.0,12.0,-4.0,12.0,-3.0,13.0,-3.0,13.0,-3.0,13.0,-3.0,12.0,-3.0,13.0,-3.0,13.0,-3.0,13.0,-3.0,13.0,-3.0,13.0,-2.0,12.0,-2.0,13.0,-2.0,13.0,-2.0,13.0,-2.0,13.0,-2.0,13.0,-2.0,13.0,-2.0,13.0,-1.0,13.0,-2.0,13.0,-2.0,13.0,-1.0,14.0
4.8383,122.0,-96.0,7.0,0.0,0.0,0.0,0.0,0.0,0.0,0.0,0.0,0.0,3.0,6.0,4.0,4.0,6.0,2.0,9.0,1.0,11.0,0.0,13.0,0.0,14.0,1.0,16.0,2.0,16.0,3.0,16.0,5.0,15.0,5.0,13.0,5.0,12.0,6.0,10.0,5.0,8.0,3.0,7.0,2.0,6.0,-1.0,6.0,-4.0,6.0,-6.0,8.0,-7.0,9.0,-9.0,11.0,-9.0,11.0,-10.0,13.0,-9.0,14.0,-8.0,13.0,-8.0
4.8597,122.0,-96.0,7.0,0.0,0.0,0.0,0.0,0.0,0.0,0.0,0.0,0.0,-8.0,-7.0,-10.0,-8.0,-11.0,-11.0,-12.0,-12.0,-12.0,-12.0,-12.0,-14.0,-11.0,-13.0,-9.0,-13.0,-8.0,-12.0,-7.0,-10.0,-6.0,-8.0,-6.0,-6.0,-7.0,-3.0,-7.0,-1.0,-9.0,1.0,-9.0,3.0,-11.0,5.0,-13.0,5.0,-14.0,5.0,-15.0,5.0,-16.0,5.0,-15.0,3.0,-14.0,3.0,-13.0,1.0,-11.0,2.0,-9.0,2.0
4.8732,122.0,-96.0,7.0,0.0,0.0,0.0,0.0,0.0,0.0,0.0,0.0,0.0,5.0,8.0,6.0,8.0,6.0,8.0,6.0,8.0,6.0,8.0,6.0,8.0,6.0,8.0,6.0,8.0,6.0,8.0,6.0,8.0,6.0,8.0,6.0,8.0,6.0,7.0,6.0,7.0,7.0,7.0,7.0,7.0,6.0,7.0,7.0,7.0,7.0,7.0,7.0,7.0,7.0,7.0,7.0,7.0,8.0,7.0,7.0,7.0,8.0,7.0,8.0,7.0
4.8939,122.0,-96.0,7.0,0.0,0.0,0.0,0.0,0.0,0.0,0.0,0.0,0.0,15.0,-1.0,13.0,0.0,11.0,0.0,9.0,-1.0,6.0,-3.0,5.0,-5.0,4.0,-7.0,3.0,-9.0,3.0,-11.0,4.0,-13.0,6.0,-14.0,7.0,-15.0,8.0,-14.0,9.0,-14.0,9.0,-13.0,9.0,-11.0,9.0,-10.0,7.0,-9.0,5.0,-7.0,3.0,-6.0,0.0,-7.0,-2.0,-7.0,-4.0,-9.0,-5.0,-11.0,-6.0,-12.0,-6.0,-14.0
4.9168,122.0,-96.0,7.0,0.0,0.0,0.0,0.0,0.0,0.0,0.0,0.0,0.0,17.0,1.0,18.0,2.0,17.0,3.0,16.0,4.0,14.0,4.0,12.0,3.0,10.0,2.0,8.0,0.0,7.0,-2.0,6.0,-4.0,5.0,-6.0,5.0,-9.0,5.0,-11.0,6.0,-12.0,7.0,-14.0,8.0,-14.0,9.0,-14.0,9.0,-14.0,10.0,-12.0,9.0,-11.0,8.0,-9.0,6.0,-8.0,4.0,-8.0,1.0,-7.0,-1.0,-7.0,-4.0,-7.0
4.9308,122.0,-96.0,7.0,0.0,0.0,0.0,0.0,0.0,0.0,0.0,0.0,0.0,5.0,-12.0,5.0,-12.0,5.0,-12.0,5.0,-13.0,5.0,-13.0,4.0,-13.0,5.0,-13.0,4.0,-13.0,4.0,-13.0,4.0,-13.0,5.0,-13.0,5.0,-13.0,4.0,-13.0,4.0,-13.0,4.0,-13.0,4.0,-13.0,3.0,-14.0,3.0,-13.0,3.0,-14.0,3.0,-13.0,3.0,-14.0,3.0,-13.0,3.0,-14.0,2.0,-14.0,3.0,-14.0,3.0,-14.0
4.9533,122.0,-96.0,7.0,0.0,0.0,0.0,0.0,0.0,0.0,0.0,0.0,0.0,-1.0,-9.0,-4.0,-8.0,-7.0,-6.0,-11.0,-7.0,-14.0,-7.0,-15.0,-8.0,-17.0,-10.0,-17.0,-12.0,-17.0,-13.0,-17.0,-15.0,-15.0,-14.0,-13.0,-14.0,-11.0,-14.0,-10.0,-11.0,-9.0,-9.0,-8.0,-6.0,-8.0,-3.0,-9.0,0.0,-11.0,2.0,-14.0,4.0,-16.0,5.0,-18.0,4.0,-19.0,5.0,-20.0,3.0,-21.0,2.0,-19.0,1.0
4.9748,122.0,-96.0,7.0,0.0,0.0,0.0,0.0,0.0,0.0,0.0,0.0,0.0,1.0,17.0,0.0,14.0,1.0,12.0,2.0,10.0,3.0,7.0,5.0,4.0,7.0,3.0,10.0,3.0,12.0,3.0,14.0,5.0,16.0,6.0,16.0,8.0,15.0,9.0,15.0,10.0,13.0,10.0,12.0,10.0,10.0,9.0,8.0,7.0,7.0,5.0,7.0,2.0,7.0,0.0,8.0,-2.0,9.0,-5.0,12.0,-6.0,14.0,-6.0,15.0,-6.0
5.0016,122.0,-96.0,7.0,0.0,0.0,0.0,0.0,0.0,0.0,0.0,0.0,0.0,17.0,2.0,17.0,3.0,16.0,4.0,15.0,4.0,13.0,4.0,12.0,4.0,9.0,2.0,7.0,0.0,6.0,-2.0,5.0,-4.0,5.0,-7.0,5.0,-9.0,6.0,-11.0,7.0,-12.0,8.0,-14.0,9.0,-13.0,9.0,-14.0,9.0,-13.0,10.0,-11.0,9.0,-10.0,7.0,-8.0,6.0,-8.0,3.0,-7.0,1.0,-7.0,-2.0,-7.0,-4.0,-8.0
